44.0370998907386 24 40.763581914845 -0.134091
44.0370998907386 24 43.3815463654821 -0.0266443
44.0370998907386 24 44.0844037093564 0.00191923
44.0370998907386 24 44.2091443160104 0.00697819
44.0370998907386 24 46.5882971958174 0.102976
44.0370998907386 24 46.7319364895428 0.108747
44.0370998907386 24 46.9347403438909 0.116892
44.0370998907386 24 47.3780932718959 0.134684
44.0370998907386 24 48.0443738163638 0.161392
44.0370998907386 24 48.3649853336717 0.174233
44.0370998907386 24 48.540591055622 0.181264
44.0370998907386 24 48.7398982339501 0.189242
44.0370998907386 24 49.2922094463602 0.211343
44.0370998907386 24 50.336813965553 0.253129
44.0370998907386 24 50.5445781003484 0.261441
44.0370998907386 24 50.5633716404875 0.262192
44.0370998907386 24 50.7738129590344 0.270612
44.0370998907386 24 51.2379045216578 0.289183
44.0370998907386 24 53.6516861859674 0.385985
44.0370998907386 24 54.4740301970677 0.419098
44.0370998907386 24 54.9586498569947 0.438657
44.0370998907386 24 56.1857551577287 0.488361
44.0370998907386 24 56.6347322647818 0.50662
44.0370998907386 24 59.025006315291 0.604656
44.0370998907386 24 61.9570084059633 0.72738
35.4416562448716 24 26.5170069342384 -0.419586
35.4416562448716 24 30.5984164951511 -0.21928
35.4416562448716 24 31.8027975860818 -0.163168
35.4416562448716 24 33.2329676568683 -0.0979855
35.4416562448716 24 36.42438069354 0.0426898
35.4416562448716 24 37.7046230575123 0.097577
35.4416562448716 24 37.8784017559431 0.104969
35.4416562448716 24 38.6701034209161 0.138481
35.4416562448716 24 39.2496757710074 0.162852
35.4416562448716 24 39.52918084898 0.17456
35.4416562448716 24 39.6660317346384 0.180281
35.4416562448716 24 41.4077465188108 0.252547
35.4416562448716 24 42.1427206588867 0.282764
35.4416562448716 24 42.5774757122975 0.30057
35.4416562448716 24 42.66192031992 0.304023
35.4416562448716 24 42.6966577627042 0.305443
35.4416562448716 24 42.8648730416581 0.312315
35.4416562448716 24 43.7735544962145 0.349324
35.4416562448716 24 44.4758236339337 0.377809
35.4416562448716 24 44.6524571849463 0.384959
35.4416562448716 24 44.8373124729253 0.392435
35.4416562448716 24 45.9448133634344 0.437117
35.4416562448716 24 46.9986464980913 0.479483
35.4416562448716 24 47.6088625497213 0.503963
35.4416562448716 24 48.7157905737173 0.548302
35.4416562448716 24 48.7437531089089 0.549421
35.4416562448716 24 48.8038381178387 0.551826
35.4416562448716 24 48.9262288092276 0.556724
35.4416562448716 24 49.1267280107097 0.564747
35.4416562448716 24 49.7038727469526 0.587836
11.9185866832421 25 7.43340513593713 -0.521782
11.9185866832421 25 7.60796115014461 -0.496683
11.9185866832421 25 7.94194599963663 -0.450099
11.9185866832421 25 9.63863411362573 -0.237875
11.9185866832421 25 9.71934761001462 -0.228642
11.9185866832421 25 10.2792539681062 -0.166412
11.9185866832421 25 12.4416345810099 0.0489053
11.9185866832421 25 14.2991061928597 0.209496
11.9185866832421 25 14.7941659144965 0.249325
11.9185866832421 25 15.9677395435622 0.339532
11.9185866832421 25 16.9993191892915 0.414487
11.9185866832421 25 17.0556168401616 0.418472
11.9185866832421 25 18.6034848890491 0.524179
11.9185866832421 25 19.653862170076 0.592092
11.9185866832421 25 20.7908011818644 0.662581
11.9185866832421 25 25.6794856385346 0.937468
11.9185866832421 25 25.6958424410717 0.938325
11.9185866832421 25 26.4001004978808 0.974887
11.9185866832421 25 28.2571455567914 1.06842
11.9185866832421 25 35.6150963724492 1.40805
11.9185866832421 25 39.3247878185686 1.56648
20.4851818893675 25 26.9197608378554 0.357544
20.4851818893675 25 28.7947604464576 0.450869
20.4851818893675 25 29.373603896215 0.478934
20.4851818893675 25 29.7695553702839 0.497946
20.4851818893675 25 30.1708874204875 0.517068
20.4851818893675 25 36.7286847217316 0.812368
20.4851818893675 25 37.1174081043865 0.829058
20.4851818893675 25 40.2125352680466 0.959624
20.4851818893675 25 40.4735126134672 0.970468
20.4851818893675 25 43.552833932967 1.09691
20.4851818893675 25 45.810543619367 1.18827
20.4851818893675 25 46.6918701012488 1.22372
20.4851818893675 25 60.4571657897062 1.78079
31.7493845787678 25 25.1101854742264 -0.327431
31.7493845787678 25 25.7071228882556 -0.295934
31.7493845787678 25 29.1284381610747 -0.123841
31.7493845787678 25 30.8252209720889 -0.04299
31.7493845787678 25 36.5293944883069 0.212853
31.7493845787678 25 36.6877561326373 0.219677
31.7493845787678 25 38.2293477199238 0.285488
31.7493845787678 25 38.3316629251182 0.289819
31.7493845787678 25 40.3747162418468 0.375437
31.7493845787678 25 43.6441293674536 0.509695
31.7493845787678 25 44.8189122173173 0.557323
26.3507069096036 29 18.1519058717424 -0.47827
26.3507069096036 29 21.9668449414374 -0.23978
26.3507069096036 29 23.6535684840403 -0.143948
26.3507069096036 29 23.9481529994221 -0.127705
26.3507069096036 29 24.6069091269362 -0.0918689
26.3507069096036 29 25.8665242422538 -0.0250981
26.3507069096036 29 26.040758027855 -0.0160318
26.3507069096036 29 26.2319013796917 -0.00613065
26.3507069096036 29 26.3250242065191 -0.00132378
26.3507069096036 29 26.8985117915686 0.0280417
26.3507069096036 29 26.9263369200079 0.0294563
26.3507069096036 29 27.7755450584483 0.0721967
26.3507069096036 29 28.8664324088958 0.12594
26.3507069096036 29 29.1393637945661 0.139194
26.3507069096036 29 29.734474544784 0.167845
26.3507069096036 29 29.8849399325541 0.175037
26.3507069096036 29 30.0618276878878 0.183464
26.3507069096036 29 30.6591363761201 0.211716
26.3507069096036 29 31.3397035406713 0.243534
26.3507069096036 29 31.6792752211159 0.259269
26.3507069096036 29 32.5848161615179 0.300796
26.3507069096036 29 32.9666973371551 0.318128
26.3507069096036 29 33.3518839198694 0.335507
26.3507069096036 29 33.5705710752684 0.345329
26.3507069096036 29 34.6565606603755 0.393649
26.3507069096036 29 34.9427813281867 0.406264
26.3507069096036 29 35.3053983585774 0.422178
26.3507069096036 29 35.7752116950645 0.442685
26.3507069096036 29 41.1852124769403 0.671505
26.3507069096036 29 48.4815502616257 0.967063
36.4751442894884 29 38.747315703679 0.096854
36.4751442894884 29 41.724956337663 0.220726
36.4751442894884 29 43.9185235641395 0.310331
36.4751442894884 29 46.3898266755087 0.410142
36.4751442894884 29 47.5227400676725 0.455629
36.4751442894884 29 47.9279872111251 0.471872
36.4751442894884 29 49.454661605673 0.532986
36.4751442894884 29 51.4340538637194 0.612178
36.4751442894884 29 51.5094500224193 0.615197
36.4751442894884 29 52.7793623051637 0.666089
36.4751442894884 29 52.8064816038575 0.667178
36.4751442894884 29 52.942639957352 0.672642
36.4751442894884 29 53.1550771987996 0.681171
36.4751442894884 29 53.2060860772601 0.68322
36.4751442894884 29 53.4664987944162 0.693683
36.4751442894884 29 53.8933155415384 0.710849
36.4751442894884 29 54.172106363016 0.722073
36.4751442894884 29 55.2064641003633 0.763816
36.4751442894884 29 55.9809993268544 0.795191
36.4751442894884 29 56.1972308406843 0.803971
36.4751442894884 29 57.1414447211733 0.842425
36.4751442894884 29 57.2646273403056 0.847456
36.4751442894884 29 59.8258072373758 0.953013
36.4751442894884 29 59.9589969136289 0.958557
36.4751442894884 29 60.1305945525907 0.96571
36.4751442894884 29 61.2515022612724 1.0127
36.4751442894884 29 61.3027221620172 1.01486
36.4751442894884 29 62.0602809489902 1.04691
36.4751442894884 29 65.5733095115654 1.19914
36.4751442894884 29 67.0510685380755 1.2653
36.4751442894884 29 68.3403096604418 1.32426
36.4751442894884 29 69.2077976450322 1.36465
36.4751442894884 29 69.3978086296424 1.37358
36.4751442894884 29 70.121968355146 1.40791
13.7677955796981 30 8.33694202525721 -0.562711
13.7677955796981 30 9.26385650130524 -0.447124
13.7677955796981 30 10.7557459646138 -0.281225
13.7677955796981 30 13.4551873614252 -0.0265861
13.7677955796981 30 13.4625676967482 -0.0259525
13.7677955796981 30 15.8157118331875 0.162707
13.7677955796981 30 16.300186087064 0.198651
13.7677955796981 30 16.3906855949248 0.20527
13.7677955796981 30 18.4253774261323 0.346922
13.7677955796981 30 18.6847946003058 0.364089
13.7677955796981 30 20.6603566710029 0.48919
13.7677955796981 30 20.6857766408087 0.49074
13.7677955796981 30 21.2743075453488 0.526242
13.7677955796981 30 21.8249312609147 0.558814
13.7677955796981 30 23.7736125506183 0.66958
13.7677955796981 30 24.2085225332499 0.69343
13.7677955796981 30 26.4820519872893 0.813649
13.7677955796981 30 26.5467480022309 0.81697
13.7677955796981 30 26.7644647913058 0.828106
13.7677955796981 30 32.1318594209966 1.08699
15.7925769646652 30 13.2663284670515 -0.20387
15.7925769646652 30 16.8807588196709 0.0796413
15.7925769646652 30 20.1474722253621 0.29664
15.7925769646652 30 20.1853221017333 0.298991
15.7925769646652 30 20.1911238357723 0.299351
15.7925769646652 30 21.2501377687334 0.36383
15.7925769646652 30 23.7336896749721 0.506407
15.7925769646652 30 24.8758052709694 0.568496
15.7925769646652 30 25.1684978416368 0.584097
15.7925769646652 30 26.1589141441781 0.636018
15.7925769646652 30 26.9934558420043 0.678788
15.7925769646652 30 27.2922923276677 0.6939
15.7925769646652 30 27.6458057855634 0.711644
15.7925769646652 30 27.7660417551037 0.717647
15.7925769646652 30 28.174665334564 0.737929
15.7925769646652 30 30.0072267733553 0.826789
15.7925769646652 30 36.7056016186245 1.12888
6.68189635475632 30 1.69895124877766 -1.42141
6.68189635475632 30 1.70672756550454 -1.41677
6.68189635475632 30 1.83898126570169 -1.34079
6.68189635475632 30 1.91742889892479 -1.29821
6.68189635475632 30 2.03204053589541 -1.23899
6.68189635475632 30 2.76987614902502 -0.921666
6.68189635475632 30 2.77266621726194 -0.92063
6.68189635475632 30 2.87808339508613 -0.88223
6.68189635475632 30 2.93664519935093 -0.861484
6.68189635475632 30 3.003133401358 -0.83841
6.68189635475632 30 3.02633556903388 -0.830475
6.68189635475632 30 3.0318759512237 -0.828588
6.68189635475632 30 3.03738490135412 -0.826716
6.68189635475632 30 3.27766883910384 -0.7481
6.68189635475632 30 3.32695069161482 -0.732666
6.68189635475632 30 3.45243342964812 -0.694344
6.68189635475632 30 3.4639365091262 -0.690899
6.68189635475632 30 3.66728593648118 -0.631744
6.68189635475632 30 3.78966596948139 -0.597647
6.68189635475632 30 3.80158163917328 -0.594383
6.68189635475632 30 3.95210139679599 -0.553987
6.68189635475632 30 3.98674767754462 -0.544898
6.68189635475632 30 4.90871035820256 -0.327214
6.68189635475632 30 5.48628618719455 -0.209881
6.68189635475632 30 5.81866425286499 -0.147539
6.68189635475632 30 5.92479850973271 -0.128336
6.68189635475632 30 5.95853906756948 -0.122298
6.68189635475632 30 6.07117263873479 -0.102373
6.68189635475632 30 6.65203552758212 -0.00479887
6.68189635475632 30 7.89931311426715 0.180506
6.68189635475632 30 8.21560948094739 0.223206
6.68189635475632 30 8.29143803332208 0.23322
6.68189635475632 30 8.47331109934214 0.256903
6.68189635475632 30 8.75490830255843 0.292678
6.68189635475632 30 11.6391695252633 0.60956
6.68189635475632 30 16.5560629010006 1.01919
33.8685871779786 45 32.4723523771037 -0.0629922
33.8685871779786 45 32.6326435579138 -0.0556915
33.8685871779786 45 37.0527380684723 0.139201
33.8685871779786 45 37.065897351656 0.139765
33.8685871779786 45 37.9606711868217 0.177938
33.8685871779786 45 39.4677301070285 0.241463
33.8685871779786 45 39.9875848014117 0.263173
33.8685871779786 45 41.1436774889963 0.311127
33.8685871779786 45 42.9936127856347 0.387044
33.8685871779786 45 43.7138833171533 0.416374
33.8685871779786 45 43.7444707860606 0.417617
33.8685871779786 45 44.1802831564269 0.435307
33.8685871779786 45 44.4588399956421 0.446595
33.8685871779786 45 46.2603580154834 0.51929
33.8685871779786 45 46.629829177515 0.534144
33.8685871779786 45 47.0149654194443 0.549612
33.8685871779786 45 49.1005753361574 0.633175
33.8685871779786 45 49.7670071168225 0.659836
33.8685871779786 45 50.1046435735085 0.673342
33.8685871779786 45 51.8070426949606 0.741469
33.8685871779786 45 52.9652628670994 0.787906
33.8685871779786 45 54.31324169959 0.842115
33.8685871779786 45 55.6677641404451 0.896845
33.8685871779786 45 55.6891935421957 0.897713
33.8685871779786 45 66.1918767366172 1.34101
48.7383669900981 58 38.0017073415687 -0.439
48.7383669900981 58 39.2255428960065 -0.387365
48.7383669900981 58 45.9077374864578 -0.113581
48.7383669900981 58 50.8648673539118 0.0850742
48.7383669900981 58 50.9627464780185 0.0889907
48.7383669900981 58 51.6513807784691 0.116555
48.7383669900981 58 51.654261644694 0.116671
48.7383669900981 58 51.8085178029918 0.122848
48.7383669900981 58 51.9657629507067 0.129147
48.7383669900981 58 54.0747901477427 0.21383
48.7383669900981 58 54.2012223159242 0.218922
48.7383669900981 58 54.3524903261541 0.225017
48.7383669900981 58 54.9151811058543 0.24772
48.7383669900981 58 55.3400153000748 0.264894
48.7383669900981 58 55.69044915422 0.279084
48.7383669900981 58 57.1942331967777 0.340256
48.7383669900981 58 57.4953595434191 0.352567
48.7383669900981 58 59.932888127317 0.453146
48.7383669900981 58 61.0787181447311 0.501098
48.7383669900981 58 64.7559181228787 0.658804
48.7383669900981 58 69.8680610063031 0.891499
48.7383669900981 58 74.1464747496285 1.10407
48.7383669900981 58 76.1025887237433 1.20879
48.7383669900981 58 76.4790185180627 1.2296
21.4152673489229 58 12.8196396401252 -0.616927
21.4152673489229 58 13.7896814358164 -0.532796
21.4152673489229 58 15.9199771251758 -0.364121
21.4152673489229 58 16.5832786777858 -0.315381
21.4152673489229 58 20.3192382132704 -0.0663867
21.4152673489229 58 20.5996697651854 -0.0491541
21.4152673489229 58 21.7515896927508 0.0198717
21.4152673489229 58 23.5792308880693 0.124185
21.4152673489229 58 23.7655329723954 0.134496
21.4152673489229 58 26.2240148461339 0.265716
21.4152673489229 58 28.3167345896093 0.371269
21.4152673489229 58 29.6050808361634 0.433898
21.4152673489229 58 32.6354309269128 0.575353
21.4152673489229 58 33.0780113708539 0.595415
21.4152673489229 58 33.1393067321823 0.598182
21.4152673489229 58 34.5035418360014 0.659139
21.4152673489229 58 38.3835915820007 0.826775
21.4152673489229 58 40.5026731658911 0.91551
21.4152673489229 58 42.185746468441 0.98492
21.4152673489229 58 43.8682453201949 1.05356
17.4773116806213 62 8.94292903899144 -0.768454
17.4773116806213 62 12.1073948227517 -0.43013
17.4773116806213 62 13.8561284160423 -0.275122
17.4773116806213 62 15.7229026804619 -0.126822
17.4773116806213 62 18.7600262790341 0.0864906
17.4773116806213 62 19.0532852642811 0.105618
17.4773116806213 62 19.5233308818828 0.135813
17.4773116806213 62 20.7567843889665 0.212521
17.4773116806213 62 22.4866969698174 0.314644
17.4773116806213 62 22.7106077644355 0.327445
17.4773116806213 62 23.1944866787044 0.354808
17.4773116806213 62 23.3665100613349 0.364439
17.4773116806213 62 27.8324895004387 0.599384
17.4773116806213 62 28.9204229053587 0.652918
17.4773116806213 62 29.4211051095431 0.677151
17.4773116806213 62 30.1179202482998 0.710481
17.4773116806213 62 30.8798659411196 0.746428
17.4773116806213 62 34.7654913844778 0.922806
17.4773116806213 62 35.1698126013166 0.940586
17.4773116806213 62 39.4030968751647 1.12177
21.1365608528512 68 11.8837143637288 -0.686775
21.1365608528512 68 14.349345280201 -0.469859
21.1365608528512 68 19.5193450744404 -0.0998974
21.1365608528512 68 21.5822308286459 0.0265332
21.1365608528512 68 22.7777532322387 0.0958102
21.1365608528512 68 22.9246907197386 0.104145
21.1365608528512 68 23.8993925576832 0.15851
21.1365608528512 68 23.9463999788014 0.161093
21.1365608528512 68 24.3134406734215 0.181142
21.1365608528512 68 25.0594557119415 0.22127
21.1365608528512 68 25.5147333718519 0.245368
21.1365608528512 68 25.6253998428979 0.251183
21.1365608528512 68 25.9542866035812 0.268368
21.1365608528512 68 26.1173531238424 0.276835
21.1365608528512 68 26.8907400191747 0.31654
21.1365608528512 68 27.7322735392515 0.358933
21.1365608528512 68 28.2399169967218 0.384122
21.1365608528512 68 28.292597386059 0.38672
21.1365608528512 68 29.0963842951349 0.426006
21.1365608528512 68 29.251062648644 0.433492
21.1365608528512 68 30.6389514204985 0.49966
21.1365608528512 68 30.9760089695231 0.515472
21.1365608528512 68 31.125034735724 0.522433
21.1365608528512 68 31.2267228987112 0.527172
21.1365608528512 68 32.0252816228086 0.564103
21.1365608528512 68 33.1007426378541 0.613081
21.1365608528512 68 37.3690543529585 0.800297
21.1365608528512 68 38.71890322928 0.85757
21.1365608528512 68 39.2794737250153 0.881134
21.1365608528512 68 39.3719091192624 0.885008
21.1365608528512 68 42.585600094355 1.01793
21.1365608528512 68 42.6487084139935 1.02052
21.1365608528512 68 43.2666594015819 1.04573
21.1365608528512 68 50.2216136162596 1.32558
25.378307221163 68 12.9214356167064 -0.829387
25.378307221163 68 17.8471428764998 -0.448202
25.378307221163 68 21.7082306165376 -0.204215
25.378307221163 68 26.0031853799621 0.0327335
25.378307221163 68 26.5103207979001 0.0589256
25.378307221163 68 29.1743283244003 0.191604
25.378307221163 68 29.5524145584021 0.209833
25.378307221163 68 31.3594142906672 0.295167
25.378307221163 68 33.2360776322294 0.38101
25.378307221163 68 34.4626853394747 0.435794
25.378307221163 68 35.7131519318454 0.4907
25.378307221163 68 36.8610752477799 0.540355
25.378307221163 68 37.1782554659913 0.553959
25.378307221163 68 38.5051493790579 0.610375
25.378307221163 68 41.7092691980259 0.743817
25.378307221163 68 45.31969361134 0.890775
25.378307221163 68 48.1558428740827 1.00474
25.378307221163 68 48.2469828113001 1.00839
25.378307221163 68 50.0651272600398 1.08114
18.101758628732 68 10.189650439846 -0.666859
18.101758628732 68 16.2642884520772 -0.129225
18.101758628732 68 18.8068363575033 0.0468578
18.101758628732 68 19.2415328035855 0.0750767
18.101758628732 68 19.2632166551696 0.0764716
18.101758628732 68 19.6521345639458 0.101289
18.101758628732 68 20.5612360058453 0.15789
18.101758628732 68 20.5801659600063 0.159048
18.101758628732 68 20.6340958769058 0.162344
18.101758628732 68 20.8899799372516 0.177898
18.101758628732 68 21.3037109521083 0.202754
18.101758628732 68 21.6636912169236 0.224095
18.101758628732 68 22.3016373712869 0.261294
18.101758628732 68 22.6584125688197 0.281768
18.101758628732 68 24.538933924317 0.386113
18.101758628732 68 24.5997500057238 0.389394
18.101758628732 68 26.040234410592 0.46559
18.101758628732 68 26.1909644713295 0.473402
18.101758628732 68 26.33992598222 0.481093
18.101758628732 68 26.4904041220939 0.488835
18.101758628732 68 29.0818971553646 0.618059
18.101758628732 68 29.6352670275086 0.644741
18.101758628732 68 30.0064062171691 0.662476
18.101758628732 68 32.7438508022846 0.789675
18.101758628732 68 36.5287992950613 0.956983
18.101758628732 68 40.0803915163798 1.10735
9.41858558656729 69 1.21187302454395 -2.13725
9.41858558656729 69 5.6900092476129 -0.544311
9.41858558656729 69 6.83749141910784 -0.34836
9.41858558656729 69 12.4804628780178 0.315867
9.41858558656729 69 13.581450130763 0.413067
9.41858558656729 69 16.1327666628068 0.615182
9.41858558656729 69 16.2310813139583 0.62243
9.41858558656729 69 16.3208712350089 0.629019
9.41858558656729 69 17.2671328481368 0.696752
9.41858558656729 69 18.3082177584524 0.767961
9.41858558656729 69 19.4987126340623 0.845639
9.41858558656729 69 21.0745797114468 0.943128
9.41858558656729 69 21.2585264984957 0.954152
9.41858558656729 69 21.778851861266 0.984963
9.41858558656729 69 22.2844915802001 1.0144
9.41858558656729 69 22.5162320026866 1.02773
9.41858558656729 69 24.0433434515815 1.11326
9.41858558656729 69 24.4110164813112 1.13329
9.41858558656729 69 24.6106123707146 1.14408
9.41858558656729 69 29.0819069024426 1.37215
30.8349058164206 69 24.0219541586813 -0.343627
30.8349058164206 69 24.7453455526117 -0.304391
30.8349058164206 69 26.376163676001 -0.218659
30.8349058164206 69 26.7756627995488 -0.198186
30.8349058164206 69 27.9047691895806 -0.141341
30.8349058164206 69 28.2218727515923 -0.125634
30.8349058164206 69 29.3368526682222 -0.0712307
30.8349058164206 69 29.4262350360056 -0.0669229
30.8349058164206 69 30.3872881520884 -0.0210739
30.8349058164206 69 30.5234153724448 -0.0146467
30.8349058164206 69 33.3551778051882 0.115685
30.8349058164206 69 38.8760139136131 0.355322
30.8349058164206 69 40.6138093168744 0.427895
30.8349058164206 69 41.9578075477735 0.483343
30.8349058164206 69 45.7832329425354 0.638777
30.8349058164206 69 46.3332713843157 0.660916
30.8349058164206 69 47.1211956926185 0.692569
30.8349058164206 69 47.4398731482897 0.705354
30.8349058164206 69 49.5183548801903 0.788583
30.8349058164206 69 50.9100521675557 0.844255
18.5846829342286 69 9.39945164797175 -0.788583
18.5846829342286 69 12.7958203824999 -0.441908
18.5846829342286 69 13.5794066539362 -0.373446
18.5846829342286 69 15.0955592106707 -0.2499
18.5846829342286 69 15.7217133463822 -0.201856
18.5846829342286 69 15.7792522499781 -0.19752
18.5846829342286 69 16.796448047172 -0.122897
18.5846829342286 69 17.4805270300767 -0.0747211
18.5846829342286 69 17.5497150900165 -0.0699321
18.5846829342286 69 17.767962593031 -0.0549223
18.5846829342286 69 17.8716922903293 -0.047839
18.5846829342286 69 19.8319911957877 0.0803975
18.5846829342286 69 21.1263218204985 0.159898
18.5846829342286 69 23.7661761861716 0.311684
18.5846829342286 69 24.7488506635775 0.365174
18.5846829342286 69 25.9472436042214 0.428513
18.5846829342286 69 27.6745976436039 0.516565
18.5846829342286 69 31.5698390294297 0.703614
18.5846829342286 69 31.629405262713 0.70637
18.5846829342286 69 36.5943826069282 0.927568
20.0814282305919 69 12.5151545534015 -0.563312
20.0814282305919 69 12.9810048706175 -0.521426
20.0814282305919 69 15.1837334980668 -0.33905
20.0814282305919 69 15.2148133664681 -0.336638
20.0814282305919 69 15.3920674411828 -0.322963
20.0814282305919 69 15.695302900055 -0.299863
20.0814282305919 69 16.1094632062677 -0.268893
20.0814282305919 69 18.3043595522597 -0.114649
20.0814282305919 69 20.2726880184605 0.0118752
20.0814282305919 69 23.1872726275762 0.183446
20.0814282305919 69 23.187318273955 0.183449
20.0814282305919 69 23.9974439611833 0.228393
20.0814282305919 69 26.2142848453835 0.346352
20.0814282305919 69 27.5797733681838 0.41581
20.0814282305919 69 28.5095008638493 0.461886
20.0814282305919 69 28.6918138163206 0.470814
20.0814282305919 69 29.1584012589264 0.49351
20.0814282305919 69 34.6027591706851 0.744666
20.0814282305919 69 37.2717723712134 0.860638
20.0814282305919 69 43.1809513857609 1.10674
20.0814282305919 69 43.9499973710732 1.13802
21.5778077941973 69 7.80828688067164 -1.17824
21.5778077941973 69 18.7139887728876 -0.178261
21.5778077941973 69 19.0506709033657 -0.156279
21.5778077941973 69 19.6655258075483 -0.11689
21.5778077941973 69 20.6113013013392 -0.0580749
21.5778077941973 69 21.5262886544397 -0.00304718
21.5778077941973 69 22.9772910990139 0.0808477
21.5778077941973 69 23.4936062712806 0.109796
21.5778077941973 69 25.6443338410195 0.225904
21.5778077941973 69 26.2138226792982 0.255557
21.5778077941973 69 26.5270564383139 0.27169
21.5778077941973 69 26.7908539336594 0.285182
21.5778077941973 69 28.580162280196 0.374579
21.5778077941973 69 31.8943708898089 0.531811
21.5778077941973 69 33.3911415493403 0.599895
21.5778077941973 69 33.397395245947 0.600176
21.5778077941973 69 34.5959117795571 0.653592
21.5778077941973 69 35.1892747173987 0.679712
21.5778077941973 69 36.3712262014199 0.731154
21.5778077941973 69 37.6282956075001 0.785086
11.2529976867781 75 5.07925727792038 -0.862722
11.2529976867781 75 5.78034001885964 -0.726011
11.2529976867781 75 9.73283600321188 -0.162113
11.2529976867781 75 10.4649294498056 -0.0814457
11.2529976867781 75 10.4844381434392 -0.0793653
11.2529976867781 75 10.4990738656522 -0.0778068
11.2529976867781 75 10.516227153046 -0.0759827
11.2529976867781 75 10.8409370691075 -0.0419375
11.2529976867781 75 11.3371342652362 0.0083975
11.2529976867781 75 11.3684454460613 0.0115087
11.2529976867781 75 11.8419077238694 0.0576681
11.2529976867781 75 13.7919305886612 0.232475
11.2529976867781 75 14.0944714332763 0.25769
11.2529976867781 75 14.8342754359369 0.317496
11.2529976867781 75 14.9316166081927 0.325181
11.2529976867781 75 16.0652857044881 0.411777
11.2529976867781 75 16.2222640922489 0.423372
11.2529976867781 75 16.2331924756479 0.424176
11.2529976867781 75 16.7459053980535 0.461412
11.2529976867781 75 17.3979504206188 0.507473
11.2529976867781 75 17.4587822623411 0.5117
11.2529976867781 75 17.6712706426596 0.526375
11.2529976867781 75 19.1698282564821 0.626142
11.2529976867781 75 19.5157205454985 0.648314
11.2529976867781 75 20.192778807652 0.690866
11.2529976867781 75 25.3689715198193 0.986126
45.0632487043275 76 30.0579503010814 -0.646424
45.0632487043275 76 32.5281878373967 -0.531487
45.0632487043275 76 33.3892204377807 -0.492518
45.0632487043275 76 33.4926077320543 -0.487873
45.0632487043275 76 36.5948740476376 -0.351521
45.0632487043275 76 37.9391539479011 -0.294016
45.0632487043275 76 38.2695897492311 -0.280006
45.0632487043275 76 38.70367126187 -0.26167
45.0632487043275 76 39.3908552087663 -0.232797
45.0632487043275 76 39.8821969687508 -0.21226
45.0632487043275 76 41.3226640561171 -0.152527
45.0632487043275 76 42.1945211620712 -0.116678
45.0632487043275 76 46.7749121380154 0.0689326
45.0632487043275 76 46.9791319865262 0.0771334
45.0632487043275 76 47.6623859652116 0.104543
45.0632487043275 76 49.0323639320703 0.159405
45.0632487043275 76 50.1387624627669 0.203666
45.0632487043275 76 50.5595324930434 0.220498
45.0632487043275 76 51.8453406226653 0.271963
45.0632487043275 76 53.4441821103498 0.336101
45.0632487043275 76 54.6106106594966 0.383065
45.0632487043275 76 54.9126423258985 0.395257
45.0632487043275 76 55.1190630028523 0.403598
45.0632487043275 76 58.2996078393945 0.5332
45.0632487043275 76 58.8123375336987 0.554328
45.0632487043275 76 61.6269041434431 0.671857
45.0632487043275 76 66.8646189019219 0.900184
60.2205550702653 130 30.1533664033413 -1.25467
60.2205550702653 130 53.1174193219739 -0.289805
60.2205550702653 130 54.6025714653266 -0.230038
60.2205550702653 130 56.9824726436971 -0.133527
60.2205550702653 130 57.3177987547782 -0.119834
60.2205550702653 130 60.7458609654201 0.0219786
60.2205550702653 130 62.9893141329692 0.117095
60.2205550702653 130 63.827630505947 0.153227
60.2205550702653 130 65.5661533089222 0.229356
60.2205550702653 130 65.5973278461309 0.230737
60.2205550702653 130 66.4053253952399 0.266746
60.2205550702653 130 68.0199990544667 0.340028
60.2205550702653 130 70.2197947030249 0.443123
60.2205550702653 130 71.9422095103648 0.526933
60.2205550702653 130 76.5795113014303 0.770055
60.2205550702653 130 77.3188547354625 0.81174
60.2205550702653 130 79.0189471385321 0.911404
60.2205550702653 130 86.4530164140426 1.43877
60.2205550702653 130 89.429176237421 1.72069
31.3225614792118 167 3.7992639888207 -2.44655
31.3225614792118 167 5.47969291703246 -2.06268
31.3225614792118 167 9.12612560693053 -1.51325
31.3225614792118 167 10.5099082208578 -1.35673
31.3225614792118 167 15.8244417748627 -0.886267
31.3225614792118 167 16.2914382259612 -0.851619
31.3225614792118 167 16.3565464678974 -0.846853
31.3225614792118 167 17.0257219590988 -0.798723
31.3225614792118 167 17.8248561695946 -0.743177
31.3225614792118 167 19.2767498204632 -0.647045
31.3225614792118 167 19.7439101748415 -0.617295
31.3225614792118 167 20.0305505965822 -0.599304
31.3225614792118 167 20.7973786386913 -0.5521
31.3225614792118 167 21.8414104158804 -0.48985
31.3225614792118 167 22.948894891483 -0.426117
31.3225614792118 167 23.4892952185872 -0.395804
31.3225614792118 167 25.0947586147091 -0.308483
31.3225614792118 167 25.8929047799287 -0.26646
31.3225614792118 167 29.4017140341414 -0.0908708
31.3225614792118 167 30.1129921952351 -0.056841
31.3225614792118 167 30.4026576699528 -0.0431143
31.3225614792118 167 31.3642496204167 0.00193724
31.3225614792118 167 35.7275969676898 0.197875
31.3225614792118 167 37.6054647896713 0.278754
31.3225614792118 167 50.7477751572118 0.814995
31.3225614792118 167 51.7946048606524 0.856897
50.6306867763086 166 31.9788521581723 -0.779973
50.6306867763086 166 33.3168032105076 -0.71912
50.6306867763086 166 34.9163278362243 -0.647948
50.6306867763086 166 38.4696714720032 -0.494889
50.6306867763086 166 43.7280743015714 -0.277434
50.6306867763086 166 46.0079298484756 -0.185252
50.6306867763086 166 49.4237247959332 -0.0482808
50.6306867763086 166 50.079077127451 -0.0220657
50.6306867763086 166 54.1139384572385 0.139702
50.6306867763086 166 55.6330771403527 0.201055
50.6306867763086 166 59.0841787847927 0.342218
50.6306867763086 166 60.1807075348526 0.387771
50.6306867763086 166 74.7560069494805 1.06041
50.6306867763086 166 76.8628404081673 1.17535
50.6306867763086 166 79.8364890704167 1.35088
50.6306867763086 166 82.083048926885 1.49676
50.6306867763086 166 87.1519466692729 1.88923
50.6306867763086 166 88.62686296105 2.02795
50.6306867763086 166 88.9590750725946 2.06134
71.3107688457727 166 23.8816447449566 -2.0697
71.3107688457727 166 26.6848928540163 -1.92119
71.3107688457727 166 38.4808582965285 -1.37971
71.3107688457727 166 48.6535845743215 -0.964395
71.3107688457727 166 51.6680363118879 -0.843779
71.3107688457727 166 51.8663363953769 -0.835837
71.3107688457727 166 53.1138628654387 -0.78581
71.3107688457727 166 53.8402792631443 -0.756611
71.3107688457727 166 54.3658646300164 -0.735445
71.3107688457727 166 54.5531843949736 -0.727892
71.3107688457727 166 54.7858434007453 -0.718504
71.3107688457727 166 57.132091957108 -0.623283
71.3107688457727 166 59.2674830902007 -0.535491
71.3107688457727 166 59.8006727842617 -0.513359
71.3107688457727 166 62.4350857374421 -0.402469
71.3107688457727 166 67.48903831707 -0.180138
71.3107688457727 166 76.3139860215785 0.259446
71.3107688457727 166 76.3253403170752 0.260074
71.3107688457727 166 77.1147056083265 0.304274
71.3107688457727 166 86.2309527844715 0.924081
54.0582139598216 166 19.4945930984032 -1.58087
54.0582139598216 166 29.3601236903301 -1.04064
54.0582139598216 166 31.6503349703955 -0.932574
54.0582139598216 166 31.9729996718332 -0.917699
54.0582139598216 166 42.6415708415287 -0.459177
54.0582139598216 166 46.6674446146182 -0.296187
54.0582139598216 166 49.6095901673909 -0.178303
54.0582139598216 166 49.9437681281954 -0.164936
54.0582139598216 166 50.8940114148272 -0.126922
54.0582139598216 166 51.6365033660324 -0.0972029
54.0582139598216 166 52.5908622170972 -0.058959
54.0582139598216 166 58.1324639140461 0.165527
54.0582139598216 166 60.6938606273152 0.271775
54.0582139598216 166 61.3341205134696 0.298692
54.0582139598216 166 64.3633157528012 0.428482
54.0582139598216 166 66.1760042283298 0.508461
54.0582139598216 166 66.9532827037715 0.543386
54.0582139598216 166 70.819146705571 0.72393
54.0582139598216 166 75.6951317258929 0.973351
9.35245167285424 173 0.268715494766264 -3.64524
9.35245167285424 173 0.406878605231989 -3.22899
9.35245167285424 173 2.2969481560931 -1.47901
9.35245167285424 173 3.3271102487481 -1.09789
9.35245167285424 173 4.86619054294801 -0.701633
9.35245167285424 173 5.41560643656967 -0.588867
9.35245167285424 173 5.97696756323743 -0.484286
9.35245167285424 173 6.20479904636529 -0.44445
9.35245167285424 173 6.25329683807198 -0.436147
9.35245167285424 173 6.70266361495451 -0.361946
9.35245167285424 173 7.70724644319826 -0.211464
9.35245167285424 173 8.33321084570522 -0.126571
9.35245167285424 173 10.2111286382719 0.0973575
9.35245167285424 173 11.2068726809548 0.201558
9.35245167285424 173 14.6077741625804 0.505639
9.35245167285424 173 15.2744985982815 0.558108
9.35245167285424 173 17.1891789111085 0.699062
9.35245167285424 173 18.2094634750309 0.76912
9.35245167285424 173 18.3948391835032 0.781518
9.35245167285424 173 18.8974233789446 0.814651
9.35245167285424 173 19.382498819361 0.845995
9.35245167285424 173 21.0673387312697 0.950469
9.35245167285424 173 21.3275271244924 0.966046
9.35245167285424 173 23.8322118372086 1.10944
9.35245167285424 173 34.1573562136993 1.61505
9.35245167285424 173 39.4113541443391 1.84129
8.47949018389735 199 0.502097320495666 -2.91019
8.47949018389735 199 0.896732401987449 -2.32625
8.47949018389735 199 3.84133045277639 -0.841268
8.47949018389735 199 4.37272946667605 -0.706158
8.47949018389735 199 5.59148288267736 -0.447474
8.47949018389735 199 6.35348077570165 -0.311612
8.47949018389735 199 6.91195208083126 -0.221381
8.47949018389735 199 7.50234240861946 -0.133055
8.47949018389735 199 7.66288713293476 -0.110145
8.47949018389735 199 9.28435786759919 0.099514
8.47949018389735 199 9.56699548212428 0.132623
8.47949018389735 199 10.9943635464782 0.287596
8.47949018389735 199 11.7326266774833 0.360916
8.47949018389735 199 11.8903193936378 0.376055
8.47949018389735 199 14.4312389233957 0.598988
8.47949018389735 199 15.4934206750776 0.682499
8.47949018389735 199 16.9740660999589 0.791446
8.47949018389735 199 24.1475388276843 1.23431
8.47949018389735 199 25.7805086897501 1.3215
8.47949018389735 199 27.412024269649 1.4051
7.38210107566816 199 0.640375733800126 -2.51502
7.38210107566816 199 1.27080682658975 -1.8233
7.38210107566816 199 2.48327160501359 -1.14102
7.38210107566816 199 2.94983637046633 -0.964054
7.38210107566816 199 3.52213917243355 -0.780821
7.38210107566816 199 5.41180603976772 -0.331526
7.38210107566816 199 5.79993798288617 -0.258149
7.38210107566816 199 8.46776570826555 0.149
7.38210107566816 199 10.4885632080195 0.385343
7.38210107566816 199 10.6098461939848 0.398196
7.38210107566816 199 11.1367406012105 0.452575
7.38210107566816 199 11.9531297121049 0.532548
7.38210107566816 199 12.2642599498041 0.561784
7.38210107566816 199 14.4297374827977 0.749377
7.38210107566816 199 15.7174604430012 0.850022
7.38210107566816 199 18.5501890713612 1.04992
7.38210107566816 199 19.5713442746147 1.11612
7.38210107566816 199 19.7070454472973 1.12472
7.38210107566816 199 22.5524621516915 1.29567
7.38210107566816 199 27.059118458203 1.5378
7.38210107566816 199 30.1724127175069 1.69032
7.38210107566816 199 34.0970491654905 1.87045
7.69311165759083 199 0.342398013643555 -3.18873
7.69311165759083 199 0.348119600783448 -3.1721
7.69311165759083 199 0.40485074771002 -3.02056
7.69311165759083 199 1.68033911693971 -1.58443
7.69311165759083 199 1.81505484129295 -1.50594
7.69311165759083 199 2.07358107567216 -1.37015
7.69311165759083 199 2.36928500676045 -1.23381
7.69311165759083 199 4.51177872932294 -0.567518
7.69311165759083 199 5.55904042267356 -0.347756
7.69311165759083 199 5.64473686518336 -0.33155
7.69311165759083 199 6.51109118402987 -0.179542
7.69311165759083 199 7.11280614151669 -0.0846955
7.69311165759083 199 8.06809450012069 0.0516626
7.69311165759083 199 9.13904604518747 0.188019
7.69311165759083 199 10.6607134112509 0.358917
7.69311165759083 199 10.8555521498307 0.379212
7.69311165759083 199 11.6294598805706 0.456796
7.69311165759083 199 12.5829158121381 0.546443
7.69311165759083 199 15.3274160847719 0.775645
7.69311165759083 199 0.052734920824275 -5.06233
7.69311165759083 199 0.197687453259651 -3.73947
7.69311165759083 199 1.29866459056229 -1.84597
7.69311165759083 199 2.09824482459933 -1.35807
7.69311165759083 199 3.64065479706517 -0.791127
7.69311165759083 199 3.91662584784786 -0.715192
7.69311165759083 199 3.95479280966048 -0.705097
7.69311165759083 199 4.57041303330276 -0.553992
7.69311165759083 199 5.49623784891515 -0.359782
7.69311165759083 199 7.07780046527889 -0.090006
7.69311165759083 199 7.28426753583439 -0.0590279
7.69311165759083 199 7.39208277004704 -0.0431717
7.69311165759083 199 7.84204064049094 0.0207885
7.69311165759083 199 8.40714263204035 0.0965218
7.69311165759083 199 10.8323765232188 0.376815
7.69311165759083 199 10.8674470504059 0.380441
7.69311165759083 199 12.4001115770554 0.529719
7.69311165759083 199 15.2878407223101 0.772592
7.69311165759083 199 17.3630836537144 0.924683
7.69311165759083 199 22.5618516790228 1.25157
13.3190042303781 234 5.68227562355203 -0.936275
13.3190042303781 234 6.11673418731207 -0.857981
13.3190042303781 234 6.99615715885719 -0.714237
13.3190042303781 234 8.59527840702245 -0.491041
13.3190042303781 234 9.00274311689155 -0.440257
13.3190042303781 234 9.42879101664368 -0.389326
13.3190042303781 234 9.53407152948937 -0.377059
13.3190042303781 234 9.90175907292964 -0.335145
13.3190042303781 234 10.6859586475666 -0.250185
13.3190042303781 234 11.1351720839581 -0.203965
13.3190042303781 234 12.0860525638174 -0.111264
13.3190042303781 234 12.1903142953949 -0.101487
13.3190042303781 234 13.8321599383402 0.043742
13.3190042303781 234 17.2340227736518 0.303911
13.3190042303781 234 17.7807390610314 0.341769
13.3190042303781 234 22.3448689049453 0.627362
13.3190042303781 234 22.7338746599733 0.649643
13.3190042303781 234 22.9982427464241 0.664632
13.3190042303781 234 38.2204048272713 1.39284
13.3190042303781 234 47.4070485554488 1.76923
23.6678088474568 243 9.67317603873551 -1.0631
23.6678088474568 243 10.7519944542545 -0.945349
23.6678088474568 243 13.7333942482298 -0.666633
23.6678088474568 243 20.3688815146174 -0.192418
23.6678088474568 243 21.3534697228633 -0.13277
23.6678088474568 243 21.6325550452574 -0.11623
23.6678088474568 243 22.2509022157691 -0.0801255
23.6678088474568 243 27.5985271414031 0.206515
23.6678088474568 243 31.4762661518151 0.393033
23.6678088474568 243 35.1079776160413 0.556683
23.6678088474568 243 36.0833232796644 0.599229
23.6678088474568 243 38.0367671865903 0.682991
23.6678088474568 243 40.4890685628236 0.785851
23.6678088474568 243 41.8552102891398 0.842259
23.6678088474568 243 42.386209862692 0.86404
23.6678088474568 243 44.5342462773475 0.951472
23.6678088474568 243 45.6371546145517 0.99602
23.6678088474568 243 45.8017812400975 1.00265
23.6678088474568 243 52.2995570986526 1.26303
23.6678088474568 243 65.7516122856966 1.82322
23.6678088474568 243 70.4203954600775 2.03838
39.9153134607386 252 23.1494142459408 -0.790899
39.9153134607386 252 32.488667523896 -0.322409
39.9153134607386 252 32.7166017032075 -0.312036
39.9153134607386 252 32.7274524506435 -0.311543
39.9153134607386 252 33.9391476819453 -0.257012
39.9153134607386 252 38.9278412133706 -0.0413514
39.9153134607386 252 39.7359288603822 -0.00748534
39.9153134607386 252 40.8908819841356 0.0405169
39.9153134607386 252 41.7951141589612 0.0778051
39.9153134607386 252 43.8081753796752 0.160044
39.9153134607386 252 44.9857637228927 0.207749
39.9153134607386 252 46.188027027614 0.25622
39.9153134607386 252 46.2754217105453 0.259735
39.9153134607386 252 47.5060245985915 0.309153
39.9153134607386 252 48.06100305322 0.331396
39.9153134607386 252 48.5549237172144 0.351176
39.9153134607386 252 48.7991812862976 0.360953
39.9153134607386 252 49.6872944969891 0.396487
39.9153134607386 252 49.8364605171623 0.402453
39.9153134607386 252 50.0800173168743 0.412196
39.9153134607386 252 50.4922085023828 0.428684
39.9153134607386 252 50.5817688019536 0.432267
39.9153134607386 252 50.8850577368452 0.444401
39.9153134607386 252 51.3794163114943 0.464186
39.9153134607386 252 53.4651417293567 0.547823
39.9153134607386 252 54.1466655962907 0.575243
39.9153134607386 252 54.9341458303386 0.607005
39.9153134607386 252 55.4274670755281 0.626952
39.9153134607386 252 57.0758470420475 0.693941
39.9153134607386 252 57.6673892738734 0.718129
39.9153134607386 252 57.9303671686086 0.728911
39.9153134607386 252 58.5494163727632 0.754364
39.9153134607386 252 59.134188391201 0.77851
39.9153134607386 252 61.0400673549865 0.857992
39.9153134607386 252 61.908626067238 0.894667
39.9153134607386 252 62.1765086034656 0.906042
39.9153134607386 252 63.0786868022143 0.944589
39.9153134607386 252 64.1022404451215 0.988799
39.9153134607386 252 64.6619130540418 1.01321
39.9153134607386 252 68.0097010385151 1.16321
39.9153134607386 252 69.2660106106703 1.22158
39.9153134607386 252 73.0689970451727 1.40712
39.9153134607386 252 76.4417838391591 1.58605
15.4230285478464 249 1.70898249834722 -2.35023
15.4230285478464 249 7.00857361478116 -0.883573
15.4230285478464 249 7.5803945012457 -0.798974
15.4230285478464 249 12.6808112346236 -0.22768
15.4230285478464 249 15.5761113291108 0.0116883
15.4230285478464 249 16.5039655630523 0.0806018
15.4230285478464 249 17.7330814624575 0.167263
15.4230285478464 249 19.5667176229808 0.288202
15.4230285478464 249 21.7095135081733 0.419125
15.4230285478464 249 23.0705683538409 0.497469
15.4230285478464 249 26.5029283462071 0.68181
31.9853874372778 257 7.91939361349441 -1.69891
31.9853874372778 257 21.7034480974289 -0.528589
31.9853874372778 257 22.6928267816202 -0.471294
31.9853874372778 257 22.8667460976952 -0.461407
31.9853874372778 257 25.955879297322 -0.29382
31.9853874372778 257 26.3056647300232 -0.275698
31.9853874372778 257 28.1957945994189 -0.180327
31.9853874372778 257 30.5960898574084 -0.0646276
31.9853874372778 257 31.2223949936184 -0.0352991
31.9853874372778 257 31.7464550520194 -0.0110049
31.9853874372778 257 34.4424341800429 0.110804
31.9853874372778 257 36.2384415441961 0.189413
31.9853874372778 257 36.7193799835875 0.210169
31.9853874372778 257 36.7647016711209 0.212119
31.9853874372778 257 40.162506734989 0.355745
31.9853874372778 257 40.9392876303836 0.387968
31.9853874372778 257 42.4090313582443 0.448439
31.9853874372778 257 64.367217133388 1.34578
40.7135754943806 274 23.3221171594746 -0.814392
40.7135754943806 274 24.8006358770777 -0.733455
40.7135754943806 274 26.1504552867147 -0.662344
40.7135754943806 274 26.8197558509484 -0.627968
40.7135754943806 274 31.7588216000629 -0.389059
40.7135754943806 274 40.4761960738137 -0.00984348
40.7135754943806 274 40.57522544649 -0.00573479
40.7135754943806 274 42.37292741803 0.068336
40.7135754943806 274 46.2883573157724 0.227079
40.7135754943806 274 49.5766173994168 0.358883
40.7135754943806 274 55.0462018607309 0.578356
40.7135754943806 274 56.8511651345213 0.6516
40.7135754943806 274 57.2696006042199 0.668678
40.7135754943806 274 57.8430991317043 0.692155
40.7135754943806 274 58.6481843780289 0.725259
40.7135754943806 274 59.0056156060079 0.740016
40.7135754943806 274 60.4019268619596 0.798059
40.7135754943806 274 67.320929973956 1.09856
40.7135754943806 274 77.6138462323504 1.61912
40.7135754943806 274 93.6030014479737 3.05905
23.239245048107 274 7.07065043707607 -1.38104
23.239245048107 274 9.68800332628667 -1.03753
23.239245048107 274 17.5647143534425 -0.35127
23.239245048107 274 22.038716904305 -0.0685605
23.239245048107 274 28.3681683973351 0.268579
23.239245048107 274 32.4633181544227 0.462291
23.239245048107 274 32.8874072907536 0.481569
23.239245048107 274 36.2179089032561 0.628932
23.239245048107 274 38.8419566384187 0.740891
23.239245048107 274 40.2091641603295 0.798094
23.239245048107 274 43.4949902263549 0.933168
23.239245048107 274 43.9754681843997 0.952693
23.239245048107 274 44.022825630802 0.954615
23.239245048107 274 46.0846795478888 1.03792
23.239245048107 274 46.4937430225115 1.05437
23.239245048107 274 47.6342591192636 1.10015
23.239245048107 274 52.5734249680326 1.29788
23.239245048107 274 56.3768854511518 1.45132
26.7201550887539 303 7.23508772377885 -1.54226
26.7201550887539 303 10.9833029836108 -1.08358
26.7201550887539 303 11.1453250023411 -1.06711
26.7201550887539 303 16.7378871513633 -0.595451
26.7201550887539 303 22.7809101549541 -0.211856
26.7201550887539 303 26.1261749188284 -0.0305534
26.7201550887539 303 26.9730709899152 0.0128782
26.7201550887539 303 42.8794363679852 0.722096
26.7201550887539 303 56.9623900798949 1.28918
26.7201550887539 303 59.0467655153505 1.37477
17.5946976307009 303 9.70466514412717 -0.686427
17.5946976307009 303 15.7160508441303 -0.135457
17.5946976307009 303 26.9453497171551 0.546655
17.5946976307009 303 30.5178105805189 0.721292
17.5946976307009 303 32.877761427787 0.830333
17.5946976307009 303 35.6523391444041 0.953566
17.5946976307009 303 35.9567359606626 0.96681
17.5946976307009 303 47.4459777351506 1.4418
20.4949234008437 311 2.39758450251623 -2.3508
20.4949234008437 311 8.06721987927938 -1.07761
20.4949234008437 311 9.2584784031 -0.926832
20.4949234008437 311 12.4896556761824 -0.591213
20.4949234008437 311 13.1023333137577 -0.536297
20.4949234008437 311 19.1286061972411 -0.0860316
20.4949234008437 311 22.2224009488124 0.102891
20.4949234008437 311 22.5648014415571 0.122593
20.4949234008437 311 22.7112882038787 0.130958
20.4949234008437 311 25.197023301413 0.267512
20.4949234008437 311 31.3217336031392 0.570523
20.4949234008437 311 33.3964950490418 0.665337
95.4546459834175 48 89.4718462088492 -0.904675
95.4546459834175 48 89.9724896705027 -0.850374
95.4546459834175 48 94.8154410786789 -0.138298
95.4546459834175 48 94.855202694478 -0.13018
95.4546459834175 48 94.8751662030854 -0.126082
95.4546459834175 48 95.3519680181958 -0.0234145
95.4546459834175 48 95.7733141864366 0.0760203
95.4546459834175 48 95.7835886147927 0.0785614
95.4546459834175 48 97.179571371086 0.495126
95.4546459834175 48 97.9907435379112 0.842563
95.4546459834175 48 98.0191286303422 0.85708
95.4546459834175 48 98.0851595883383 0.891656
95.4546459834175 48 98.1078117240005 0.903787
95.4546459834175 48 98.429069407524 1.09312
95.4546459834175 48 98.4363694400652 1.09785
95.4546459834175 48 98.5052050008554 1.14357
95.4546459834175 48 99.8515963290079 3.46696
90.9062437451341 48 88.130341357624 -0.297409
90.9062437451341 48 88.8898196422117 -0.222705
90.9062437451341 48 89.4016295840228 -0.169802
90.9062437451341 48 89.482137152077 -0.161277
90.9062437451341 48 89.7206427710596 -0.135677
90.9062437451341 48 91.0189742142504 0.0137133
90.9062437451341 48 91.8641775479968 0.121794
90.9062437451341 48 92.9298491009122 0.273722
90.9062437451341 48 93.4152836358009 0.350063
90.9062437451341 48 93.6101679425023 0.38219
90.9062437451341 48 94.3785543622835 0.518484
90.9062437451341 48 94.8674731581904 0.614642
90.9062437451341 48 95.7446759280158 0.811273
90.9062437451341 48 96.0559476082926 0.890481
90.9062437451341 48 96.16368251571 0.919298
90.9062437451341 48 96.5578805858496 1.03181
46.3372979167269 203 28.9332375058559 -0.751858
46.3372979167269 203 30.2963094599141 -0.686456
46.3372979167269 203 33.2108173439097 -0.551894
46.3372979167269 203 35.6935330126991 -0.44192
46.3372979167269 203 36.3479692508605 -0.413522
46.3372979167269 203 40.2662678581964 -0.247612
46.3372979167269 203 41.4607623679053 -0.198179
46.3372979167269 203 44.4905919444061 -0.0745038
46.3372979167269 203 51.1842612513276 0.19415
46.3372979167269 203 51.3454868673602 0.200603
46.3372979167269 203 56.4251289304402 0.405205
46.3372979167269 203 57.4467895543864 0.446875
46.3372979167269 203 58.1236334176283 0.474622
46.3372979167269 203 63.8538113909165 0.715796
46.3372979167269 203 73.9068784446434 1.18791
46.3372979167269 203 75.8547348318624 1.2915
46.3372979167269 203 77.5187138818074 1.38461
46.3372979167269 203 82.2880745327903 1.68276
66.1244684510584 57 43.4773287168904 -0.931248
66.1244684510584 57 45.0345329355455 -0.868121
66.1244684510584 57 51.2508732668521 -0.618801
66.1244684510584 57 54.9523395836819 -0.470101
66.1244684510584 57 60.9144907160536 -0.225127
66.1244684510584 57 61.0914251737734 -0.217689
66.1244684510584 57 63.5184405754932 -0.114323
66.1244684510584 57 64.4330456517231 -0.0746362
66.1244684510584 57 64.5099794751225 -0.0712775
66.1244684510584 57 66.8970520656843 0.0346867
66.1244684510584 57 68.4945574424615 0.107748
66.1244684510584 57 68.6986444513699 0.117222
66.1244684510584 57 71.3939412839602 0.245749
66.1244684510584 57 72.2682340685185 0.28896
66.1244684510584 57 72.5952769796269 0.305339
66.1244684510584 57 72.5984007846506 0.305496
66.1244684510584 57 73.7002534718719 0.361601
66.1244684510584 57 75.4655672715262 0.454753
87.5242331845532 76 81.3529016405543 -0.475022
87.5242331845532 76 83.1658580376865 -0.3507
87.5242331845532 76 86.9126276913512 -0.0548721
87.5242331845532 76 87.7147108366571 0.0175595
87.5242331845532 76 87.8086607609328 0.0263067
87.5242331845532 76 87.8521459288329 0.0303751
87.5242331845532 76 88.0994600547122 0.053755
87.5242331845532 76 88.1060865371938 0.0543872
87.5242331845532 76 88.6078390945762 0.103167
87.5242331845532 76 89.1168412758119 0.154604
87.5242331845532 76 89.6031191393985 0.205757
87.5242331845532 76 89.8731575730058 0.235082
87.5242331845532 76 90.1595609261861 0.266953
87.5242331845532 76 91.8153595499219 0.469393
87.5242331845532 76 92.7222207791438 0.596655
87.5242331845532 76 95.6808415544659 1.14983
87.5242331845532 76 95.6910128649926 1.15229
87.5242331845532 76 96.4722700760686 1.36047
87.5242331845532 76 96.83452865883 1.47257
84.3265606718174 94 73.9765889794876 -0.637977
84.3265606718174 94 75.7387454817892 -0.54432
84.3265606718174 94 76.8000786020432 -0.485673
84.3265606718174 94 77.4575627421999 -0.448399
84.3265606718174 94 78.8053877445612 -0.369495
84.3265606718174 94 79.3973102362948 -0.333687
84.3265606718174 94 80.5516557574355 -0.261593
84.3265606718174 94 80.6355172994346 -0.256231
84.3265606718174 94 80.7957828541194 -0.245934
84.3265606718174 94 82.9079116285215 -0.103615
84.3265606718174 94 83.7309954245708 -0.0443819
84.3265606718174 94 88.1111118392311 0.320265
84.3265606718174 94 89.1210254700695 0.420434
84.3265606718174 94 89.6762431648664 0.479029
84.3265606718174 94 90.4284207791341 0.563031
84.3265606718174 94 90.8329109816419 0.610673
84.3265606718174 94 93.4332344888472 0.972496
84.3265606718174 94 93.7674703076097 1.02831
84.3265606718174 94 94.0513997155705 1.07796
95.819720226584 94 80.5772175458112 -1.70932
95.819720226584 94 89.8718575225169 -0.949023
95.819720226584 94 90.0946251519648 -0.924307
95.819720226584 94 90.356204500273 -0.894645
95.819720226584 94 90.9752549026629 -0.821473
95.819720226584 94 92.696222153719 -0.591154
95.819720226584 94 92.9563352663782 -0.552089
95.819720226584 94 94.0426857665928 -0.372961
95.819720226584 94 94.6625162486535 -0.256527
95.819720226584 94 95.4051602888721 -0.0988915
95.819720226584 94 96.9165751651936 0.315719
95.819720226584 94 97.4957885694361 0.529745
95.819720226584 94 98.1127231080311 0.818892
95.819720226584 94 99.1015044746517 1.57109
95.819720226584 94 99.5228577747402 2.20824
95.819720226584 94 99.5725637523583 2.31875
95.819720226584 94 99.7604675469805 2.89975
95.819720226584 94 99.776739948396 2.97026
95.4041902302673 256 46.2495688112581 -3.18328
95.4041902302673 256 84.4798181397267 -1.33861
95.4041902302673 256 89.5986229535416 -0.879576
95.4041902302673 256 90.2556124557193 -0.807023
95.4041902302673 256 91.2884491551775 -0.683603
95.4041902302673 256 97.0866485302855 0.473322
95.4041902302673 256 97.4172406083206 0.597167
95.4041902302673 256 98.6155242211121 1.23293
95.4041902302673 256 99.438903940762 2.14443
95.4041902302673 256 99.4829813414455 2.22669
95.4041902302673 256 99.5958783455719 2.47418
95.4041902302673 256 99.6340230104253 2.57371
95.4041902302673 256 99.7865902143817 3.1146
95.4041902302673 256 99.7876278442355 3.11948
95.4041902302673 256 99.8052056133542 3.20605
86.6224797564295 256 67.5530163813011 -1.13468
86.6224797564295 256 69.9850086008803 -1.0214
86.6224797564295 256 72.5075644022985 -0.898204
86.6224797564295 256 73.6889686732995 -0.838119
86.6224797564295 256 76.6116451162767 -0.681473
86.6224797564295 256 78.0693980983113 -0.598269
86.6224797564295 256 80.8275454583344 -0.42914
86.6224797564295 256 86.3335540990245 -0.024709
86.6224797564295 256 90.0083179331674 0.330165
86.6224797564295 256 91.8920000584134 0.559779
86.6224797564295 256 94.1967866513538 0.918991
86.6224797564295 256 95.5892773455127 1.20804
86.6224797564295 256 95.7454916601566 1.24573
86.6224797564295 256 96.0644763580182 1.32699
86.6224797564295 256 97.4095480794277 1.75911
86.6224797564295 256 97.6658554282165 1.86592
86.6224797564295 256 99.3916642484642 3.22811
86.6224797564295 256 99.8580719083937 4.6882
81.5436598918263 250 67.825642206381 -0.73996
81.5436598918263 250 69.6652156464414 -0.654325
81.5436598918263 250 73.0190689902134 -0.49014
81.5436598918263 250 76.8775808011387 -0.284319
81.5436598918263 250 78.4444655782434 -0.193972
81.5436598918263 250 78.9626890001525 -0.163053
81.5436598918263 250 81.7047582204048 0.0107406
81.5436598918263 250 83.559940614194 0.140113
81.5436598918263 250 86.2014094303517 0.346389
81.5436598918263 250 88.0414017599269 0.510626
81.5436598918263 250 89.7352527794448 0.682418
81.5436598918263 250 93.0951026177538 1.11566
81.5436598918263 250 94.2082890543388 1.30335
81.5436598918263 250 95.1152914145663 1.48325
81.5436598918263 250 95.3944424622023 1.54503
81.5436598918263 250 95.8335050443099 1.64981
81.5436598918263 250 96.8957238779351 1.95512
81.5436598918263 250 98.3349559632639 2.5928
59.6044826825615 268 34.8737586314018 -1.0136
59.6044826825615 268 45.9365934836474 -0.551907
59.6044826825615 268 46.2621327181777 -0.538806
59.6044826825615 268 57.5422615626556 -0.0850015
59.6044826825615 268 57.8981931801143 -0.0704164
59.6044826825615 268 59.3500811833327 -0.0105553
59.6044826825615 268 62.3419869496499 0.115077
59.6044826825615 268 64.2650597920382 0.197875
59.6044826825615 268 65.7615711252969 0.263675
59.6044826825615 268 70.1455453331269 0.465226
59.6044826825615 268 70.9641806919533 0.504633
59.6044826825615 268 72.0305858452901 0.556967
59.6044826825615 268 72.1230492790984 0.561562
59.6044826825615 268 73.2248515347536 0.617049
59.6044826825615 268 75.1002742441715 0.714955
59.6044826825615 268 78.8297345845299 0.925681
59.6044826825615 268 80.3574594963254 1.01978
59.6044826825615 268 86.8560737363491 1.49928
88.8312976617338 94 72.2617142266873 -1.11614
88.8312976617338 94 79.6739372130333 -0.707585
88.8312976617338 94 81.6812863315178 -0.578722
88.8312976617338 94 83.110027614361 -0.480178
88.8312976617338 94 83.3054443258113 -0.466192
88.8312976617338 94 83.9417450705042 -0.419724
88.8312976617338 94 85.8583037498485 -0.270053
88.8312976617338 94 88.2238186437676 -0.0598256
88.8312976617338 94 90.8068210368145 0.216649
88.8312976617338 94 91.058358994867 0.247158
88.8312976617338 94 91.3139255458944 0.278959
88.8312976617338 94 91.8184713632802 0.344311
88.8312976617338 94 94.854267940483 0.84055
88.8312976617338 94 94.8958035865646 0.849093
88.8312976617338 94 95.3187210093104 0.940031
88.8312976617338 94 97.305760795935 1.51312
88.8312976617338 94 97.4824753579856 1.58277
83.9890794149767 258 88.2473443012091 0.358649
83.9890794149767 258 88.8680485711212 0.419917
83.9890794149767 258 89.9917745074211 0.538895
83.9890794149767 258 90.6436044232206 0.613459
83.9890794149767 258 90.9621420903262 0.651605
83.9890794149767 258 93.7513158796205 1.05086
83.9890794149767 258 95.0059814683376 1.28828
83.9890794149767 258 95.297110727447 1.35141
83.9890794149767 258 95.4102426373191 1.37694
83.9890794149767 258 95.9717451451333 1.5133
83.9890794149767 258 96.3085470765626 1.60412
83.9890794149767 258 96.3258610882807 1.609
83.9890794149767 258 96.4268770801834 1.63793
83.9890794149767 258 96.7348547315567 1.73125
83.9890794149767 258 98.1007156663612 2.2871
83.9890794149767 258 98.811537011827 2.76314
83.9890794149767 258 98.8679154128928 2.81231
83.9890794149767 258 99.2974439341258 3.29373
83.9890794149767 258 99.3933304016601 3.44144
83.9890794149767 258 99.8109279935114 4.61149
