48.510952666076 24 37.4543867178656 -0.453193
48.510952666076 24 44.5069861799766 -0.161031
48.510952666076 24 46.1989541285471 -0.0927562
48.510952666076 24 47.7099085123905 -0.0320883
48.510952666076 24 48.5334190642705 0.000899442
48.510952666076 24 48.791535397063 0.0112315
48.510952666076 24 49.3193021882489 0.0323499
48.510952666076 24 49.4037161489751 0.035727
48.510952666076 24 50.0078289341388 0.0598927
48.510952666076 24 50.3371337917999 0.0730651
48.510952666076 24 50.4244897481431 0.0765595
48.510952666076 24 50.8304250493038 0.0927996
48.510952666076 24 50.8497278984222 0.0935719
48.510952666076 24 52.3871955144893 0.15514
48.510952666076 24 52.4791087411922 0.158825
48.510952666076 24 53.0059747950703 0.179964
48.510952666076 24 54.3822740443672 0.235321
48.510952666076 24 56.3293233095529 0.314118
48.510952666076 24 57.0498594562145 0.343465
48.510952666076 24 59.7892839665797 0.456272
27.1241075748425 24 24.5293999069237 -0.135536
27.1241075748425 24 25.5185272115561 -0.0828107
27.1241075748425 24 26.7431414386187 -0.0193589
27.1241075748425 24 27.0327627076084 -0.00462599
27.1241075748425 24 27.8216397671973 0.0350088
27.1241075748425 24 29.4596198162895 0.11517
27.1241075748425 24 31.2820740761321 0.20137
27.1241075748425 24 34.1328630457128 0.330956
27.1241075748425 24 35.6658548374718 0.398438
27.1241075748425 24 36.7526278892716 0.445491
27.1241075748425 24 37.5164655517517 0.478212
27.1241075748425 24 40.2541733148521 0.593449
27.1241075748425 24 41.1463065237348 0.630415
27.1241075748425 24 42.2372397462724 0.675293
27.1241075748425 24 43.2139615468181 0.715208
27.1241075748425 24 45.6599014149835 0.814293
27.1241075748425 24 46.2199018978455 0.836842
27.1241075748425 24 46.2655087955298 0.838677
27.1241075748425 24 46.6880973901655 0.855665
27.1241075748425 24 48.7068122566482 0.936596
36.5356026079633 24 24.5670180123737 -0.569648
36.5356026079633 24 28.7524853412392 -0.355244
36.5356026079633 24 29.320655318109 -0.327669
36.5356026079633 24 32.7320153771263 -0.168139
36.5356026079633 24 34.0612893104372 -0.108372
36.5356026079633 24 34.6234785317569 -0.0834393
36.5356026079633 24 36.0145247907926 -0.0225419
36.5356026079633 24 37.31959305336 0.0336614
36.5356026079633 24 40.8729581598982 0.182972
36.5356026079633 24 41.4754256101454 0.207846
36.5356026079633 24 42.2063801550349 0.237885
36.5356026079633 24 42.4319668125239 0.247126
36.5356026079633 24 42.5674636649834 0.252671
36.5356026079633 24 47.337516318963 0.445592
36.5356026079633 24 47.6060391479254 0.45636
36.5356026079633 24 48.9370022643359 0.509666
36.5356026079633 24 49.0415041760442 0.513847
1.83357739555306 66 0.042464923407579 -3.78343
1.83357739555306 66 0.193058360574112 -2.26761
1.83357739555306 66 0.224859095413114 -2.11481
1.83357739555306 66 0.257447660618921 -1.97914
1.83357739555306 66 0.329943851270558 -1.7303
1.83357739555306 66 0.475516096510264 -1.36336
1.83357739555306 66 0.487047247159047 -1.33929
1.83357739555306 66 0.619383274045135 -1.09759
1.83357739555306 66 0.688785332850398 -0.990689
1.83357739555306 66 1.23410820960459 -0.402008
1.83357739555306 66 1.7969382541026 -0.0205578
1.83357739555306 66 2.21159475342555 0.191303
1.83357739555306 66 2.47637527784475 0.307097
1.83357739555306 66 2.91391833712059 0.474296
1.83357739555306 66 3.56158605217855 0.681697
1.83357739555306 66 4.05894024807248 0.817583
1.83357739555306 66 4.83870451589157 1.00147
1.83357739555306 66 10.5163643603835 1.83927
27.40728371297 66 4.36070888324574 -2.11389
27.40728371297 66 12.2608975984888 -0.993897
27.40728371297 66 13.7754625035531 -0.86001
27.40728371297 66 16.195180802683 -0.669721
27.40728371297 66 17.5732653749368 -0.571475
27.40728371297 66 17.9997149729706 -0.542311
27.40728371297 66 20.0487893766628 -0.409192
27.40728371297 66 20.4476207051032 -0.384493
27.40728371297 66 20.8137793454772 -0.362131
27.40728371297 66 21.4730999558934 -0.322584
27.40728371297 66 22.5411099038978 -0.260351
27.40728371297 66 23.0680482282753 -0.230417
27.40728371297 66 25.3020577546097 -0.108511
27.40728371297 66 25.7338410047725 -0.0857927
27.40728371297 66 26.3674141666824 -0.052903
27.40728371297 66 30.9776548929915 0.172892
27.40728371297 66 32.4127245158649 0.239187
27.40728371297 66 33.3929442299981 0.28359
27.40728371297 66 41.9451589417979 0.649031
32.0906079240488 125 10.2598477887195 -1.41907
32.0906079240488 125 10.9871072807357 -1.34245
32.0906079240488 125 15.0535503297231 -0.980796
32.0906079240488 125 15.3714496071939 -0.956149
32.0906079240488 125 19.1251058498184 -0.692291
32.0906079240488 125 20.6701963021614 -0.59531
32.0906079240488 125 23.6074636728107 -0.424711
32.0906079240488 125 25.6955296134365 -0.312243
32.0906079240488 125 27.1279606549207 -0.238529
32.0906079240488 125 29.2617071851078 -0.133096
32.0906079240488 125 30.0936742060763 -0.0932302
32.0906079240488 125 30.3135692463454 -0.0827992
32.0906079240488 125 31.0655586240661 -0.0474452
32.0906079240488 125 31.8279629950986 -0.0120783
32.0906079240488 125 32.8685144146092 0.035473
32.0906079240488 125 33.9491697152709 0.0840507
32.0906079240488 125 34.4435596844493 0.106022
32.0906079240488 125 34.8030772794855 0.121904
32.0906079240488 125 35.9315915606349 0.171276
32.0906079240488 125 38.8648076276601 0.296612
32.0906079240488 125 39.5932190987089 0.327167
32.0906079240488 125 39.8070036799419 0.336098
32.0906079240488 125 39.8922047033276 0.339652
32.0906079240488 125 41.7427694496215 0.416269
32.0906079240488 125 44.8009022512733 0.540893
32.0906079240488 125 48.8466522781944 0.703469
32.0906079240488 125 49.0095790080299 0.709989
23.6156321760928 125 5.11700500372919 -1.74621
23.6156321760928 125 6.52388955976574 -1.48837
23.6156321760928 125 8.32323667029699 -1.22535
23.6156321760928 125 8.76002358606212 -1.16943
23.6156321760928 125 10.0455814633632 -1.0183
23.6156321760928 125 10.9510351527867 -0.921883
23.6156321760928 125 14.6015780179746 -0.592329
23.6156321760928 125 15.4730797518307 -0.524099
23.6156321760928 125 16.7923425933877 -0.426547
23.6156321760928 125 18.9647901473576 -0.27843
23.6156321760928 125 19.0652125754105 -0.271909
23.6156321760928 125 19.0913068572704 -0.270219
23.6156321760928 125 21.0353733550585 -0.148925
23.6156321760928 125 21.6724566284352 -0.110988
23.6156321760928 125 24.3896550664425 0.0424352
23.6156321760928 125 25.3871513887865 0.0957997
23.6156321760928 125 25.6216467042002 0.108142
23.6156321760928 125 26.4766346740395 0.152529
23.6156321760928 125 27.5229788542938 0.205621
23.6156321760928 125 29.6274437388156 0.308767
23.6156321760928 125 32.6429948643263 0.449493
23.6156321760928 125 34.2997522540626 0.523905
23.6156321760928 125 38.2941921386647 0.696789
23.6156321760928 125 39.6360741246527 0.753217
23.6156321760928 125 41.1643836224572 0.816695
25.425786120471 125 5.22926318636036 -1.82116
25.425786120471 125 7.28440373649886 -1.46777
25.425786120471 125 9.24295279649613 -1.20829
25.425786120471 125 13.6757463776114 -0.766456
25.425786120471 125 20.3241498748711 -0.290126
25.425786120471 125 20.7523641118068 -0.263886
25.425786120471 125 26.3782418983762 0.0496298
25.425786120471 125 26.8376881863594 0.0731577
25.425786120471 125 28.5182809619595 0.157135
25.425786120471 125 39.4187120983405 0.646285
25.425786120471 125 42.4845530771433 0.773118
20.0848489649584 149 10.3051016164059 -0.782775
20.0848489649584 149 11.3932954885254 -0.670183
20.0848489649584 149 15.8919032101248 -0.285293
20.0848489649584 149 19.4005851094799 -0.0431885
20.0848489649584 149 19.5671266817621 -0.0325723
20.0848489649584 149 19.7983813894095 -0.0179438
20.0848489649584 149 23.1908564430775 0.183434
20.0848489649584 149 23.4100376777675 0.195699
20.0848489649584 149 23.5496561054346 0.203469
20.0848489649584 149 25.1998014711938 0.293015
20.0848489649584 149 26.4915060566358 0.360423
20.0848489649584 149 26.5025842408931 0.360992
20.0848489649584 149 28.1872239250708 0.445806
20.0848489649584 149 28.3695017796715 0.454793
20.0848489649584 149 33.1007165934751 0.677366
20.0848489649584 149 34.7866205479241 0.752568
20.0848489649584 149 36.8455358491113 0.842151
20.0848489649584 149 40.4972277326138 0.99621
20.0848489649584 149 44.0960694212068 1.14374
20.3744628669063 157 1.26543382957341 -2.99397
20.3744628669063 157 1.9679915895287 -2.54523
20.3744628669063 157 2.40210387664217 -2.34146
20.3744628669063 157 3.32663962006863 -2.00632
20.3744628669063 157 3.64077169814651 -1.91283
20.3744628669063 157 5.06400405504325 -1.56799
20.3744628669063 157 8.04386270796892 -1.07335
20.3744628669063 157 9.29180080560601 -0.915463
20.3744628669063 157 11.2581321555874 -0.701589
20.3744628669063 157 11.8125718580475 -0.647247
20.3744628669063 157 13.512461445492 -0.493335
20.3744628669063 157 13.575995936992 -0.48791
20.3744628669063 157 15.0637996354006 -0.366553
20.3744628669063 157 15.9669014874598 -0.29764
20.3744628669063 157 18.0358803327278 -0.150866
20.3744628669063 157 18.1626485370108 -0.142314
20.3744628669063 157 22.0973338106702 0.103049
20.3744628669063 157 25.6643471558116 0.299565
20.3744628669063 157 33.9460220397047 0.697352
17.2892673684519 181 1.10667520625033 -2.92742
17.2892673684519 181 2.86780554296062 -1.95726
17.2892673684519 181 3.51219863153643 -1.74791
17.2892673684519 181 3.6242508470131 -1.71534
17.2892673684519 181 4.13380450289661 -1.57849
17.2892673684519 181 5.38724584186969 -1.30049
17.2892673684519 181 6.41642437117132 -1.11473
17.2892673684519 181 7.29036478164991 -0.977655
17.2892673684519 181 7.67918664525881 -0.921493
17.2892673684519 181 8.47122660725263 -0.814715
17.2892673684519 181 9.74392964402449 -0.660743
17.2892673684519 181 11.0466473889323 -0.520722
17.2892673684519 181 13.8384301340092 -0.263511
17.2892673684519 181 15.6437379340504 -0.119715
17.2892673684519 181 17.7809581244675 0.0340046
17.2892673684519 181 18.1112547454233 0.0564354
17.2892673684519 181 18.3591483734834 0.0730617
17.2892673684519 181 18.9445127702338 0.111644
17.2892673684519 181 21.68660035446 0.281239
17.2892673684519 181 24.2905241354529 0.428446
17.2892673684519 181 26.6316628438952 0.551872
17.2892673684519 181 26.7394693855608 0.557382
17.2892673684519 181 28.3610709425903 0.638642
17.2892673684519 181 28.8429784559841 0.662241
17.2892673684519 181 31.9881580734539 0.810947
17.2892673684519 181 35.1717772725981 0.953766
4.13327338479588 233 0.158534697118206 -3.30148
4.13327338479588 233 0.19782587616397 -3.07967
4.13327338479588 233 0.245999277369154 -2.86124
4.13327338479588 233 0.25944226917956 -2.8079
4.13327338479588 233 0.40765624938041 -2.35453
4.13327338479588 233 0.621108615050248 -1.9313
4.13327338479588 233 1.65803118341582 -0.938931
4.13327338479588 233 3.27125006264671 -0.242849
4.13327338479588 233 3.46375222846289 -0.183677
4.13327338479588 233 6.3826693735438 0.45826
4.13327338479588 233 7.06723279470965 0.567482
4.13327338479588 233 8.41464343743484 0.756591
4.13327338479588 233 8.69907794034993 0.792945
4.13327338479588 233 18.9824295360004 1.69274
4.13327338479588 233 24.7335948005243 2.03102
4.13327338479588 233 27.8738252723554 2.19316
31.5633227023196 233 2.6572285621782 -2.82704
31.5633227023196 233 18.0476209520393 -0.739211
31.5633227023196 233 18.6996370558374 -0.695733
31.5633227023196 233 22.4734946012305 -0.46437
31.5633227023196 233 25.9214704575924 -0.276141
31.5633227023196 233 33.7659775652936 0.100173
31.5633227023196 233 37.4874758697888 0.262553
31.5633227023196 233 40.5819629750506 0.392639
31.5633227023196 233 44.7775124155307 0.564249
31.5633227023196 233 44.9631288215113 0.571753
31.5633227023196 233 48.592384444137 0.717594
12.7805541290755 281 0.291622292371693 -3.91404
12.7805541290755 281 0.67507893362841 -3.07082
12.7805541290755 281 1.23166629109517 -2.46391
12.7805541290755 281 11.277332210842 -0.142218
12.7805541290755 281 12.6958079329049 -0.00762412
12.7805541290755 281 16.5521075350672 0.302794
12.7805541290755 281 18.9308780799283 0.465995
12.7805541290755 281 19.774437247745 0.52005
12.7805541290755 281 23.458320127565 0.737892
12.7805541290755 281 32.0345301717715 1.16832
12.7805541290755 281 38.8106156714154 1.46522
30.381645794127 409 2.18267933129348 -2.97336
30.381645794127 409 2.83157256758278 -2.70642
30.381645794127 409 4.14876823815149 -2.3108
30.381645794127 409 7.68046334296093 -1.65739
30.381645794127 409 12.1778818412283 -1.1465
30.381645794127 409 18.8966291210243 -0.627551
30.381645794127 409 19.9424126884576 -0.560708
30.381645794127 409 31.1479454454797 0.0359778
30.381645794127 409 36.8321299516775 0.289764
30.381645794127 409 36.9187628825944 0.293486
30.381645794127 409 38.2973602984137 0.352244
30.381645794127 409 39.0308565603928 0.383174
30.381645794127 409 40.9783557949808 0.464329
30.381645794127 409 42.6720607975168 0.533946
30.381645794127 409 42.979882330114 0.546518
30.381645794127 409 43.5156828443813 0.568348
30.381645794127 409 46.8990886019452 0.704994
44.0445934846805 240 17.9742561925489 -1.27874
44.0445934846805 240 34.4934545182193 -0.402028
44.0445934846805 240 36.9341800557269 -0.295689
44.0445934846805 240 37.5359655326188 -0.269939
44.0445934846805 240 39.6817129018492 -0.179392
44.0445934846805 240 40.0478191545654 -0.164121
44.0445934846805 240 40.222979480857 -0.15683
44.0445934846805 240 41.8725544321207 -0.0886549
44.0445934846805 240 45.5561894038303 0.0611298
44.0445934846805 240 46.3200835076196 0.0918892
44.0445934846805 240 47.2389946412411 0.1288
44.0445934846805 240 49.7057578894219 0.227583
44.0445934846805 240 50.1155155211146 0.243973
44.0445934846805 240 50.4946179735622 0.259138
44.0445934846805 240 51.4079176209832 0.295684
47.3072403316198 240 43.2718126366091 -0.162955
47.3072403316198 240 45.3260023571134 -0.0796927
47.3072403316198 240 46.3993886002141 -0.0364595
47.3072403316198 240 47.1256828774816 -0.00728488
47.3072403316198 240 47.4597147110261 0.00611573
47.3072403316198 240 55.1386124191729 0.314087
47.3072403316198 240 55.1423455300133 0.314238
47.3072403316198 240 55.8946259973081 0.344701
47.3072403316198 240 62.7533385428214 0.629464
47.3072403316198 240 64.1076022937949 0.687852
47.3072403316198 240 71.4067808542311 1.02304
47.3072403316198 240 74.7915466720501 1.19534
13.0690084496689 374 1.17991085217964 -2.53299
13.0690084496689 374 3.70385770746758 -1.36318
13.0690084496689 374 4.53983678111587 -1.15095
13.0690084496689 374 7.80747256454222 -0.573927
13.0690084496689 374 10.0871974501199 -0.292702
13.0690084496689 374 11.9966657686855 -0.097875
13.0690084496689 374 14.088790030298 0.0869361
13.0690084496689 374 16.0618037806791 0.241234
13.0690084496689 374 18.692653565955 0.424765
13.0690084496689 374 18.8818709717946 0.437167
13.0690084496689 374 20.3222565332418 0.528597
13.0690084496689 374 25.0108774081039 0.796839
13.0690084496689 374 39.8342001081137 1.48249
13.0690084496689 374 47.3201284147907 1.78757
13.0690084496689 374 1.58832337869237 -2.23161
13.0690084496689 374 5.73870539404451 -0.903966
13.0690084496689 374 6.07898122465243 -0.842746
13.0690084496689 374 6.17558230659711 -0.825951
13.0690084496689 374 7.17170202556161 -0.665738
13.0690084496689 374 7.7952343979304 -0.575628
13.0690084496689 374 9.51780036512878 -0.357118
13.0690084496689 374 16.09179572605 0.243457
13.0690084496689 374 18.2056509168384 0.392395
13.0690084496689 374 19.8064435934547 0.496435
13.0690084496689 374 20.0154567396612 0.509542
13.0690084496689 374 22.5851405111329 0.662984
13.0690084496689 374 41.9553616066891 1.57026
13.0690084496689 374 54.9664397559782 2.09419
12.6879476320102 374 7.79413067354684 -0.541817
12.6879476320102 374 10.533069301788 -0.210513
12.6879476320102 374 14.7040345551545 0.170831
12.6879476320102 374 18.1204186885095 0.420626
12.6879476320102 374 75.2878674631117 3.04286
12.6879476320102 374 6.66986613947886 -0.709707
12.6879476320102 374 7.37522325544835 -0.601595
12.6879476320102 374 8.86945102518657 -0.400844
12.6879476320102 374 12.7443216507485 0.00507914
12.6879476320102 374 13.237028626062 0.0486741
12.6879476320102 374 17.8759222788002 0.404059
12.6879476320102 374 34.2673625237707 1.27743
42.1518816826197 153 23.4751293974497 -0.865133
42.1518816826197 153 24.8949518576948 -0.787681
42.1518816826197 153 27.3152388035762 -0.662145
42.1518816826197 153 32.079371188044 -0.433585
42.1518816826197 153 32.8593542596741 -0.398012
42.1518816826197 153 34.4635268740538 -0.326164
42.1518816826197 153 37.4506362544948 -0.196391
42.1518816826197 153 39.5934638775601 -0.105892
42.1518816826197 153 43.4370005555712 0.0524982
42.1518816826197 153 45.7833132284043 0.147473
42.1518816826197 153 47.261367487247 0.206887
42.1518816826197 153 49.1565355721512 0.2828
42.1518816826197 153 49.5887249100187 0.30009
42.1518816826197 153 49.7614027477463 0.306998
42.1518816826197 153 50.4970910325604 0.336426
42.1518816826197 153 58.4759847690821 0.658886
42.1518816826197 153 58.8967120465599 0.676239
42.1518816826197 153 66.4180315559325 0.998521
54.9489790744166 123 40.2853178552591 -0.5922
54.9489790744166 123 44.452876622534 -0.421412
54.9489790744166 123 46.9875746418637 -0.319253
54.9489790744166 123 48.6040906402799 -0.25446
54.9489790744166 123 49.4455872029749 -0.220787
54.9489790744166 123 50.0643902230323 -0.196034
54.9489790744166 123 50.4215634863627 -0.181747
54.9489790744166 123 50.9751168598146 -0.1596
54.9489790744166 123 52.4905155360624 -0.0989063
54.9489790744166 123 54.871706580133 -0.003121
54.9489790744166 123 57.6261880414763 0.108837
54.9489790744166 123 57.7201135518843 0.112685
54.9489790744166 123 58.5069379641609 0.14501
54.9489790744166 123 62.8936383356588 0.329047
54.9489790744166 123 64.9602849152193 0.418684
54.9489790744166 123 65.3004894342228 0.433664
54.9489790744166 123 65.8123152393378 0.456332
54.9489790744166 123 67.4503748581008 0.530017
54.9489790744166 123 78.6006573498139 1.10241
17.8876481646282 61 5.4164687103636 -1.33606
17.8876481646282 61 11.3673337027681 -0.529779
17.8876481646282 61 13.8097199528407 -0.307207
17.8876481646282 61 14.0483695229607 -0.2873
17.8876481646282 61 14.4171744711042 -0.257086
17.8876481646282 61 16.7674306809479 -0.0782223
17.8876481646282 61 17.180418999122 -0.0489162
17.8876481646282 61 19.7705210023981 0.123279
17.8876481646282 61 20.1327777925529 0.145962
17.8876481646282 61 22.6589491987096 0.296308
17.8876481646282 61 22.7315840564389 0.300448
17.8876481646282 61 32.666949985028 0.800691
17.8876481646282 61 42.3388630177293 1.2151
32.1882173641254 276 9.85188232334018 -1.46866
32.1882173641254 276 13.7482279893148 -1.09123
32.1882173641254 276 21.3136882883603 -0.560984
32.1882173641254 276 23.1047810880091 -0.457269
32.1882173641254 276 24.0257475935118 -0.406133
32.1882173641254 276 25.0789131433134 -0.349273
32.1882173641254 276 28.2979653192778 -0.184594
32.1882173641254 276 28.9128877285129 -0.154483
32.1882173641254 276 40.7476111523586 0.370727
32.1882173641254 276 40.7803274663325 0.372082
32.1882173641254 276 43.9901559701656 0.503574
32.1882173641254 276 46.0267952026803 0.585872
32.1882173641254 276 48.332568663434 0.678414
32.1882173641254 276 48.9269191239615 0.702206
32.1882173641254 276 54.0308368106625 0.90672
31.8851760173726 248 22.4737454858701 -0.479215
31.8851760173726 248 29.7433575621016 -0.100495
31.8851760173726 248 34.6821908895398 0.126015
31.8851760173726 248 37.7473251334093 0.258767
31.8851760173726 248 40.2526506769913 0.364105
31.8851760173726 248 40.427111770422 0.371354
31.8851760173726 248 41.4303517185312 0.412851
31.8851760173726 248 42.5649545306455 0.45943
31.8851760173726 248 42.6566403043856 0.46318
31.8851760173726 248 43.312457878774 0.48994
31.8851760173726 248 43.4180774114196 0.49424
31.8851760173726 248 46.1112194757691 0.603188
31.8851760173726 248 46.5249112190356 0.619826
31.8851760173726 248 48.9887447950079 0.718598
31.8851760173726 248 50.9447423606752 0.796848
31.8851760173726 248 52.8960663174384 0.875026
31.8851760173726 248 53.7199843933302 0.908129
31.8851760173726 248 53.8125413209095 0.911852
31.8851760173726 248 54.8235954082411 0.952599
31.8851760173726 248 57.4356239383564 1.0587
60.5271040866314 86 47.2046801160887 -0.539407
60.5271040866314 86 47.8727865817953 -0.512617
60.5271040866314 86 50.8625794358239 -0.39297
60.5271040866314 86 52.2789330638128 -0.336256
60.5271040866314 86 61.6933835697115 0.049077
60.5271040866314 86 62.4031010802722 0.0792164
60.5271040866314 86 68.5776687795476 0.352971
60.5271040866314 86 69.4558033863616 0.394039
60.5271040866314 86 69.5028418509059 0.396257
60.5271040866314 86 74.0494477247832 0.621063
60.5271040866314 86 74.3678689845 0.6377
60.5271040866314 86 74.481992745863 0.643696
60.5271040866314 86 74.9866778219962 0.670425
60.5271040866314 86 75.4551185857179 0.695558
60.5271040866314 86 75.7365364089435 0.710812
60.5271040866314 86 77.5601559042394 0.812739
60.5271040866314 86 82.1548494488983 1.0994
60.5271040866314 86 83.0933664128481 1.16478
74.895785975465 89 50.5624356929819 -1.07056
74.895785975465 89 54.53904646641 -0.910999
74.895785975465 89 57.8706682628478 -0.775595
74.895785975465 89 61.4029521634689 -0.62878
74.895785975465 89 62.7314401110859 -0.572349
74.895785975465 89 63.5499634659256 -0.537178
74.895785975465 89 64.5670996751787 -0.492998
74.895785975465 89 67.255925319582 -0.373279
74.895785975465 89 69.3168994231091 -0.278085
74.895785975465 89 72.8531099153731 -0.105879
74.895785975465 89 75.0374469104511 0.00754855
74.895785975465 89 78.3455365900614 0.192855
74.895785975465 89 79.1414893469915 0.240413
74.895785975465 89 91.4667967481891 1.27895
82.2305134809652 89 61.6920938862946 -1.05554
82.2305134809652 89 68.4692354071905 -0.756623
82.2305134809652 89 74.7546098702081 -0.446476
82.2305134809652 89 74.9797367894426 -0.434512
82.2305134809652 89 75.155905104787 -0.425099
82.2305134809652 89 75.2016467866266 -0.422648
82.2305134809652 89 75.3776287351517 -0.413189
82.2305134809652 89 76.4274215878824 -0.355786
82.2305134809652 89 76.78568314915 -0.335795
82.2305134809652 89 77.0095249629005 -0.323195
82.2305134809652 89 79.0281674910653 -0.20542
82.2305134809652 89 79.6350909716109 -0.168402
82.2305134809652 89 80.299327931418 -0.126935
82.2305134809652 89 80.4862498087761 -0.115077
82.2305134809652 89 81.3100518616934 -0.0617599
82.2305134809652 89 82.4267932179679 0.0134914
82.2305134809652 89 84.136463680738 0.136373
82.2305134809652 89 84.3908290966126 0.155556
82.2305134809652 89 89.0260154535339 0.561358
71.5444872855323 53 57.6224710439435 -0.614683
71.5444872855323 53 60.4204450521888 -0.498963
71.5444872855323 53 61.5912824335734 -0.449742
71.5444872855323 53 62.6948078292943 -0.402831
71.5444872855323 53 64.2315720350627 -0.336548
71.5444872855323 53 64.4396695850494 -0.327479
71.5444872855323 53 64.4953539562476 -0.325048
71.5444872855323 53 65.1009104391955 -0.2985
71.5444872855323 53 65.1211533308228 -0.297609
71.5444872855323 53 68.4148467855606 -0.149075
71.5444872855323 53 68.5083311569658 -0.144745
71.5444872855323 53 68.8817360505974 -0.127381
71.5444872855323 53 70.8048979623357 -0.0360503
71.5444872855323 53 71.162615267505 -0.0186826
71.5444872855323 53 72.2614445814722 0.0354898
71.5444872855323 53 72.7671170958971 0.0608614
71.5444872855323 53 72.9547409065356 0.07035
71.5444872855323 53 74.366326086376 0.143119
71.5444872855323 53 79.3151375756284 0.422049
81.2766506083907 53 70.2509364090028 -0.608811
81.2766506083907 53 78.1557933880378 -0.193319
81.2766506083907 53 78.7258185306044 -0.15961
81.2766506083907 53 80.479344672503 -0.05156
81.2766506083907 53 80.8283692218878 -0.029191
81.2766506083907 53 83.7934103173035 0.174849
81.2766506083907 53 84.3869313075571 0.219217
81.2766506083907 53 84.7378121121902 0.246096
81.2766506083907 53 85.0522584872112 0.270618
81.2766506083907 53 85.5738662055521 0.312251
81.2766506083907 53 85.8304956977654 0.333195
81.2766506083907 53 86.1530664032865 0.359974
81.2766506083907 53 86.5463284700073 0.39334
81.2766506083907 53 87.078399185304 0.439821
81.2766506083907 53 88.2244237902829 0.545769
81.2766506083907 53 88.6242223271117 0.584831
81.2766506083907 53 88.8930171830762 0.611772
81.2766506083907 53 88.9814811547875 0.620763
81.2766506083907 53 91.7954270886207 0.946783
81.2766506083907 53 92.228502355011 1.00572
27.2321286049103 54 6.51370357993717 -1.68103
27.2321286049103 54 14.4215695455767 -0.797831
27.2321286049103 54 16.3579663039263 -0.648954
27.2321286049103 54 17.6145363873542 -0.559807
27.2321286049103 54 19.8959730094973 -0.409932
27.2321286049103 54 22.0176426001327 -0.281761
27.2321286049103 54 22.267615315096 -0.267262
27.2321286049103 54 23.0550804872009 -0.222327
27.2321286049103 54 31.8318194971436 0.221366
27.2321286049103 54 32.8248443280723 0.266759
27.2321286049103 54 36.3135662768394 0.421097
27.2321286049103 54 37.9932940912439 0.493044
27.2321286049103 54 43.4864706164917 0.720847
36.6430620889217 54 30.6747112819831 -0.267811
36.6430620889217 54 34.7768832262122 -0.0813008
36.6430620889217 54 37.8855677108153 0.0531522
36.6430620889217 54 39.4537866242862 0.119283
36.6430620889217 54 39.5045108282451 0.121406
36.6430620889217 54 39.7438032413504 0.131409
36.6430620889217 54 41.1037013566638 0.18788
36.6430620889217 54 41.6010120114142 0.208386
36.6430620889217 54 41.9713126472426 0.223609
36.6430620889217 54 42.3682981799275 0.239888
36.6430620889217 54 42.4657365521732 0.243877
36.6430620889217 54 42.6089871092597 0.249738
36.6430620889217 54 44.6028829709013 0.330831
36.6430620889217 54 46.4352901722865 0.40473
36.6430620889217 54 47.288199345449 0.438982
36.6430620889217 54 47.3537704618868 0.441612
36.6430620889217 54 49.7249514001467 0.536558
36.6430620889217 54 49.8658403893013 0.542194
28.470710500936 73 23.44269101153 -0.26225
28.470710500936 73 27.6166810342465 -0.0423247
28.470710500936 73 32.1937131258125 0.176347
28.470710500936 73 32.8046238007179 0.204196
28.470710500936 73 32.8465038997773 0.206095
28.470710500936 73 33.5266941526399 0.236773
28.470710500936 73 33.7240840073135 0.245617
28.470710500936 73 34.3715325645894 0.27445
28.470710500936 73 36.583723074981 0.371114
28.470710500936 73 37.4479504284719 0.408184
28.470710500936 73 40.195321906883 0.523898
28.470710500936 73 44.8309037798841 0.713726
28.470710500936 73 45.0828936012657 0.723909
28.470710500936 73 45.9439529307396 0.758632
28.470710500936 73 50.784371830427 0.952609
28.470710500936 73 53.5216673063143 1.06233
28.470710500936 73 62.1880063363412 1.41877
74.1077401747027 231 48.8739757427454 -1.09662
74.1077401747027 231 56.0530092059065 -0.808262
74.1077401747027 231 57.9047532521595 -0.732711
74.1077401747027 231 65.5838058225712 -0.406774
74.1077401747027 231 69.0955911683821 -0.246984
74.1077401747027 231 69.7433977591538 -0.216468
74.1077401747027 231 70.1480406779814 -0.197219
74.1077401747027 231 70.7969700370613 -0.166032
74.1077401747027 231 73.9559350508475 -0.00789637
74.1077401747027 231 77.2966697627046 0.173563
74.1077401747027 231 77.6921005891992 0.196237
74.1077401747027 231 81.9755227099973 0.463114
74.1077401747027 231 82.9835290744243 0.532884
74.1077401747027 231 84.9646462296496 0.680255
74.1077401747027 231 86.9298805078552 0.843197
74.1077401747027 231 50.8591416690875 -1.01721
74.1077401747027 231 52.0205752744646 -0.970709
74.1077401747027 231 56.6347206281486 -0.784613
74.1077401747027 231 58.8058893848798 -0.695629
74.1077401747027 231 60.2547040205552 -0.635487
74.1077401747027 231 60.5725298602154 -0.622197
74.1077401747027 231 64.9988151889045 -0.432589
74.1077401747027 231 65.4346912357927 -0.413374
74.1077401747027 231 67.4583867529791 -0.322585
74.1077401747027 231 69.4140634300943 -0.232027
74.1077401747027 231 70.393521238078 -0.185468
74.1077401747027 231 71.4904626007052 -0.132251
74.1077401747027 231 75.0887405334363 0.0517748
74.1077401747027 231 75.2200154794104 0.0588052
74.1077401747027 231 75.6404166007173 0.0814895
74.1077401747027 231 76.2567659712452 0.115233
74.1077401747027 231 77.7031007793644 0.196872
74.1077401747027 231 81.9715266360206 0.462844
74.1077401747027 231 83.7025982456249 0.584688
74.1077401747027 231 85.5635526549179 0.727927
74.1077401747027 231 85.9871351419373 0.762646
74.1077401747027 231 89.0592792495671 1.04523
74.1077401747027 231 92.2796026754937 1.42938
74.1077401747027 231 95.4566756054573 1.99344
72.5632474806353 67 47.1120454707403 -1.08822
72.5632474806353 67 55.3777123937147 -0.756631
72.5632474806353 67 55.3777123937147 -0.756631
72.5632474806353 67 55.6576763521781 -0.745295
72.5632474806353 67 65.3624144355346 -0.337567
72.5632474806353 67 69.6223302374792 -0.143198
72.5632474806353 67 69.937308882798 -0.128261
72.5632474806353 67 69.9531847782891 -0.127506
72.5632474806353 67 72.3376545541275 -0.0113024
72.5632474806353 67 73.4085214971953 0.0428741
72.5632474806353 67 74.2371777296063 0.0857575
72.5632474806353 67 75.1588681294997 0.134528
72.5632474806353 67 75.2604814254589 0.139978
72.5632474806353 67 75.2780182720716 0.14092
72.5632474806353 67 76.9830694571058 0.23478
72.5632474806353 67 76.998726705135 0.235664
72.5632474806353 67 80.0686762324426 0.418017
72.5632474806353 67 81.3509568769112 0.500403
72.5632474806353 67 81.4928117630966 0.50978
72.5632474806353 67 84.7507474382487 0.742609
72.5632474806353 67 85.9570636657881 0.839153
72.5632474806353 67 86.8548581497521 0.915611
72.5632474806353 67 87.8126151967287 1.00223
72.5632474806353 67 62.1042944516293 -0.478598
72.5632474806353 67 66.3445965873073 -0.293886
72.5632474806353 67 70.1615637302615 -0.117572
72.5632474806353 67 70.2258993090073 -0.114497
72.5632474806353 67 75.5668351254616 0.156501
72.5632474806353 67 75.9926281830642 0.1797
72.5632474806353 67 76.0129318553255 0.180814
72.5632474806353 67 76.2575848786298 0.194279
72.5632474806353 67 76.8319248743642 0.22627
72.5632474806353 67 77.1300037117245 0.243091
72.5632474806353 67 77.9707834500607 0.291389
72.5632474806353 67 78.22138800912 0.30604
72.5632474806353 67 79.7884106233236 0.400547
72.5632474806353 67 82.3008596660294 0.56429
72.5632474806353 67 83.1101312248535 0.620878
72.5632474806353 67 85.8338025644479 0.828979
72.5632474806353 67 93.1221920621984 1.63304
60.0962971806433 231 36.4019487702433 -0.96744
60.0962971806433 231 44.0051129428516 -0.650434
60.0962971806433 231 44.6027185175398 -0.626215
60.0962971806433 231 47.4349943901189 -0.512169
60.0962971806433 231 50.5893755591995 -0.385903
60.0962971806433 231 73.385674319411 0.6048
60.0962971806433 231 77.8021073806754 0.844692
60.0962971806433 231 82.9204729815215 1.17052
60.0962971806433 231 88.6694578346567 1.64793
60.0962971806433 231 44.319770694392 -0.637673
60.0962971806433 231 45.2169566747963 -0.601388
60.0962971806433 231 51.7363346221568 -0.339998
60.0962971806433 231 52.883283073843 -0.29402
60.0962971806433 231 53.7679026390639 -0.258477
60.0962971806433 231 60.8020811968986 0.0295213
60.0962971806433 231 61.0175504195229 0.0385709
60.0962971806433 231 64.581409584573 0.191211
60.0962971806433 231 77.0536690842489 0.801865
60.0962971806433 231 80.7250957077727 1.02277
82.5477201167467 231 35.8715469296653 -2.13485
82.5477201167467 231 46.5381631536062 -1.6926
82.5477201167467 231 59.2550581919543 -1.17939
82.5477201167467 231 63.1734903976309 -1.01424
82.5477201167467 231 66.7041459136286 -0.859072
82.5477201167467 231 66.9375229541026 -0.848546
82.5477201167467 231 70.0662390736207 -0.703452
82.5477201167467 231 73.5906010605148 -0.529109
82.5477201167467 231 74.5896024403076 -0.477064
82.5477201167467 231 80.8065785978668 -0.116415
82.5477201167467 231 81.2415346336735 -0.0881248
82.5477201167467 231 83.9188986837909 0.0982998
82.5477201167467 231 84.1030661343866 0.112011
82.5477201167467 231 91.5081313086925 0.823412
82.5477201167467 231 95.0248150748403 1.39577
82.5477201167467 231 98.2792430177637 2.49114
75.3347706731771 67 48.6103345173883 -1.17215
75.3347706731771 67 54.7174653473856 -0.927286
75.3347706731771 67 60.2024336225 -0.70264
75.3347706731771 67 68.5538026267341 -0.337206
75.3347706731771 67 71.539750026753 -0.194802
75.3347706731771 67 78.0973045525342 0.154799
75.3347706731771 67 78.5025251643718 0.178648
75.3347706731771 67 78.9269640312751 0.203981
75.3347706731771 67 79.3293792981306 0.228348
75.3347706731771 67 81.6621646926604 0.377077
75.3347706731771 67 82.3085595637532 0.420847
75.3347706731771 67 85.79845412172 0.682103
75.3347706731771 67 86.9417278775737 0.779269
75.3347706731771 67 58.8770571085618 -0.757662
75.3347706731771 67 61.6364405825802 -0.642402
75.3347706731771 67 63.4636316649776 -0.564388
75.3347706731771 67 63.600523354544 -0.55848
75.3347706731771 67 65.3784522936891 -0.480831
75.3347706731771 67 65.7643640410126 -0.463736
75.3347706731771 67 66.7510679966209 -0.4196
75.3347706731771 67 67.6191732914047 -0.380222
75.3347706731771 67 69.1959432592215 -0.307251
75.3347706731771 67 70.8250293217471 -0.229646
75.3347706731771 67 71.7150593274446 -0.186176
75.3347706731771 67 74.0515967793122 -0.0678952
75.3347706731771 67 74.2036647623422 -0.0599662
75.3347706731771 67 75.763990950449 0.0232364
75.3347706731771 67 80.3149164618221 0.289547
75.3347706731771 67 80.3919558065852 0.294427
75.3347706731771 67 81.1620228000812 0.344025
75.3347706731771 67 82.4929328237876 0.433561
75.3347706731771 67 85.5315516740387 0.660368
57.0316717425972 100 22.6663721040901 -1.51039
57.0316717425972 100 26.6083029026811 -1.29773
57.0316717425972 100 28.0703005757263 -1.22412
57.0316717425972 100 32.8908955279494 -0.996267
57.0316717425972 100 33.5790691839125 -0.965253
57.0316717425972 100 34.5063085729713 -0.923955
57.0316717425972 100 35.2587572342444 -0.890828
57.0316717425972 100 35.4736817625392 -0.881426
57.0316717425972 100 36.8666076517074 -0.821087
57.0316717425972 100 40.0223014894415 -0.687679
57.0316717425972 100 40.5899020046666 -0.664088
57.0316717425972 100 41.4137365121003 -0.630031
57.0316717425972 100 44.6502543447358 -0.497956
57.0316717425972 100 44.8765777524521 -0.488802
57.0316717425972 100 45.7086161964213 -0.455222
57.0316717425972 100 46.0516205082282 -0.441408
57.0316717425972 100 48.7573734945354 -0.332859
57.0316717425972 100 49.4977219349761 -0.303235
57.0316717425972 100 55.8484399877197 -0.0481301
59.3894668934147 100 50.0310904119099 -0.378846
59.3894668934147 100 50.133770465181 -0.374739
59.3894668934147 100 53.0357152626448 -0.258511
59.3894668934147 100 53.491216184028 -0.240213
59.3894668934147 100 54.513508195009 -0.199056
59.3894668934147 100 55.2042667450251 -0.171162
59.3894668934147 100 59.4892577407272 0.00413916
59.3894668934147 100 60.9543194317207 0.065303
59.3894668934147 100 61.0392156067063 0.0688715
59.3894668934147 100 63.7391775082418 0.183972
59.3894668934147 100 64.0299569212433 0.196575
59.3894668934147 100 66.0449817513943 0.28521
59.3894668934147 100 66.6414435983335 0.311923
59.3894668934147 100 66.8121773197244 0.319613
59.3894668934147 100 66.846753761508 0.321173
59.3894668934147 100 69.3575924185076 0.436801
59.3894668934147 100 75.0911886690829 0.723392
59.3894668934147 100 79.4438006326982 0.971798
59.3894668934147 100 80.9593279196442 1.06728
64.9550237319361 100 20.9623328682833 -1.94426
64.9550237319361 100 42.2328656706416 -0.930284
64.9550237319361 100 51.3038115648635 -0.564899
64.9550237319361 100 53.387358651781 -0.481361
64.9550237319361 100 54.2386151438222 -0.44711
64.9550237319361 100 55.085154025097 -0.412951
64.9550237319361 100 55.6367870436111 -0.390629
64.9550237319361 100 55.8408751182408 -0.382356
64.9550237319361 100 57.1404825815084 -0.329478
64.9550237319361 100 57.5507567983204 -0.312705
64.9550237319361 100 61.220962148434 -0.160453
64.9550237319361 100 62.574626146161 -0.103052
64.9550237319361 100 63.6562870243693 -0.056586
64.9550237319361 100 63.8333873306057 -0.0489228
64.9550237319361 100 65.6607789788197 0.0311508
64.9550237319361 100 75.0719191520347 0.485389
64.9550237319361 100 79.7126020119921 0.751365
78.5620323365375 247 37.6107734003956 -1.80483
78.5620323365375 247 57.92568051238 -0.979002
78.5620323365375 247 58.5430827400539 -0.953617
78.5620323365375 247 61.8557519049084 -0.815295
78.5620323365375 247 63.8730995725563 -0.728864
78.5620323365375 247 64.2844249734761 -0.710994
78.5620323365375 247 66.3720908507371 -0.618805
78.5620323365375 247 69.4515787264828 -0.477408
78.5620323365375 247 70.1316014880312 -0.445153
78.5620323365375 247 75.3662188797041 -0.180485
78.5620323365375 247 78.7597014423983 0.0117762
78.5620323365375 247 79.5930137439341 0.062324
78.5620323365375 247 81.1380804330559 0.160282
78.5620323365375 247 81.4582839201814 0.181343
78.5620323365375 247 82.9018473057616 0.279962
78.5620323365375 247 87.6630667730894 0.662178
78.5620323365375 247 94.3004440350673 1.50737
88.0671145733614 221 34.140089766281 -2.65586
88.0671145733614 221 52.248477565104 -1.9088
88.0671145733614 221 56.993805745631 -1.7172
88.0671145733614 221 60.6186800116958 -1.56749
88.0671145733614 221 64.6708770474471 -1.3942
88.0671145733614 221 68.5599581809462 -1.21917
88.0671145733614 221 75.8316090704983 -0.855332
88.0671145733614 221 78.2906604049419 -0.716115
88.0671145733614 221 81.51960255709 -0.514668
88.0671145733614 221 83.021360326959 -0.411659
88.0671145733614 221 83.5866448687989 -0.371013
88.0671145733614 221 83.6114344544789 -0.369205
88.0671145733614 221 83.6991135724124 -0.362792
88.0671145733614 221 84.4473355433378 -0.306905
88.0671145733614 221 85.677384619797 -0.210052
88.0671145733614 221 85.9722867411451 -0.185811
88.0671145733614 221 86.2123574775549 -0.16576
88.0671145733614 221 91.3199172666475 0.354537
96.296430038553 103 89.563195126822 -1.10853
96.296430038553 103 91.4430251302906 -0.889165
96.296430038553 103 91.5756462214218 -0.872095
96.296430038553 103 92.7398495847061 -0.710736
96.296430038553 103 92.9912777641639 -0.672784
96.296430038553 103 93.2970886526516 -0.624887
96.296430038553 103 95.2563428524153 -0.258371
96.296430038553 103 97.2206081502212 0.296617
96.296430038553 103 97.2409236714874 0.304162
96.296430038553 103 97.5351630147686 0.419953
96.296430038553 103 98.7945684770422 1.14807
96.296430038553 103 99.1295948916852 1.47709
96.296430038553 103 99.1907582743325 1.55057
96.296430038553 103 99.4955996826499 2.02636
96.296430038553 103 99.5115753648643 2.05871
